 lambda    ion      a  w i m     f       gamma
 234.35   He_II_5   2  4 2 0  7.800e-3  7.630e+7
 237.33   He_II_4   2  4 2 0  9.300e-3  1.230e+8
 243.03   He_II_3   2  4 2 0  2.900e-2  2.090e+8
 256.32   He_II_2   2  4 2 0  7.900e-2  3.590e+8
 303.78   He_II_1   2  4 2 0  4.160e-1  5.000e+8
 512.098  He4_I_5   2  4 1 0  8.500e-3  3.300e+6
 512.122  He3_I_5   2  3 1 0  8.500e-3  3.300e+6
 515.617  He4_I_4   2  4 1 0  1.530e-2  5.300e+6
 515.641  He3_I_4   2  3 1 0  1.530e-2  5.300e+6
 522.213  He4_I_3   2  4 1 0  3.020e-2  8.700e+6
 522.237  He3_I_3   2  3 1 0  3.020e-2  8.700e+6
 537.030  He4_I_2   2  4 1 0  7.340e-2  1.300e+7
 537.055  He3_I_2   2  3 1 0  7.340e-2  1.300e+7
 584.334  He4_I_1   2  4 1 0  2.763e-1  2.000e+6
 584.361  He3_I_1   2  3 1 0  2.763e-1  2.000e+6
 928.437  H2_LH_R3 31  217 0  2.830e-3  8.110e+8
 928.448  H2_LK_P7 31  220 0  1.460e-3  7.570e+8
 928.770  H2_LI_R5 31  218 0  2.600e-3  7.880e+8
 929.016  H2_LJ_P6 31  219 0  1.780e-3  7.730e+8
 929.534  H2_W4_R0 31  2 4 0  3.390e-2  1.105e+9
 929.687  H2_W4_R1 31  2 4 0  1.550e-2  1.105e+9
 929.688  H2_LH_P3 31  217 0  2.540e-3  8.110e+8
 930.448  H2_W4_R2 31  2 4 0  1.180e-2  1.105e+9
 930.574  H2_W4_Q1 31  2 4 0  1.940e-2  1.105e+9
 930.610  H2_LI_P5 31  218 0  1.610e-3  7.880e+8
 931.063  H2_LG_R0 31  216 0  1.020e-2  8.290e+8
 931.605  H2_LH_R4 31  217 0  2.040e-3  8.110e+8
 931.732  H2_LG_R1 31  216 0  7.060e-3  8.290e+8
 931.779  H2_W4_Q2 31  2 4 0  1.930e-2  1.105e+9
 931.811  H2_W4_R3 31  2 4 0  1.050e-2  1.105e+9
 932.270  H2_LG_P1 31  216 0  2.390e-3  8.290e+8
 932.345  H2_LJ_R7 31  219 0  2.050e-3  7.730e+8
 932.6068 H2_W4_P2 31  2 4 0  4.800e-3  1.105e+9  AR
 933.185  H2_LH_P4 31  217 0  2.730e-3  8.110e+8
 933.243  H2_LG_R2 31  216 0  6.280e-3  8.290e+8
 933.376  S_VI     16 32 6 0  4.260e-1  1.630e+9
 933.451  H2_LI_R6 31  218 0  2.550e-3  7.880e+8
 933.581  H2_W4_Q3 31  2 4 0  1.930e-2  1.105e+9
 933.790  H2_W4_R4 31  2 4 0  1.030e-2  1.105e+9
 934.1467 H2_LG_P2 31  216 0  2.200e-3  8.290e+8  AR
 934.755  H2_LJ_P7 31  219 0  1.790e-3  7.730e+8
 934.789  H2_W4_P3 31  2 4 0  7.160e-3  1.105e+9
 935.537  H2_LH_R5 31  217 0  3.170e-3  8.110e+8
 935.578  H2_LG_R3 31  216 0  5.800e-3  8.290e+8
 935.641  H2_LI_P6 31  218 0  2.180e-3  7.880e+8
 935.959  H2_W4_Q4 31  2 4 0  1.920e-2  1.105e+9
 936.468  H2_W4_R5 31  2 4 0  1.220e-2  1.105e+9
 936.859  H2_LG_P3 31  216 0  2.090e-3  8.290e+8
 937.475  H2_LH_P5 31  217 0  3.070e-3  8.110e+8
 937.548  D_I_5     1  2 1 0  7.800e-3  2.450e+7
 937.553  H2_W4_P4 31  2 4 0  8.430e-3  1.105e+9
 937.8035 H_I_5     1  1 1 0  7.800e-3  2.450e+7
 938.468  H2_LF_R0 31  215 0  9.190e-3  8.570e+8
 938.733  H2_LG_R4 31  216 0  5.420e-3  8.290e+8
 938.876  H2_LI_R7 31  218 0  2.510e-3  7.880e+8
 938.904  H2_W4_Q5 31  2 4 0  1.920e-2  1.105e+9
 939.124  H2_LF_R1 31  215 0  6.200e-3  8.570e+8
 939.710  H2_LF_P1 31  215 0  2.910e-3  8.570e+8
 940.243  H2_LH_R6 31  217 0  3.120e-3  8.110e+8
 940.389  H2_LG_P4 31  216 0  2.030e-3  8.290e+8
 940.627  H2_LF_R2 31  215 0  5.540e-3  8.570e+8
 940.883  H2_W4_P5 31  2 4 0  9.020e-3  1.105e+9
 941.427  H2_LI_P7 31  218 0  2.190e-3  7.880e+8
 941.6024 H2_LF_P2 31  215 0  3.300e-3  8.570e+8  AR
 942.547  H2_LH_P6 31  217 0  2.670e-3  8.110e+8
 942.678  H2_LG_R5 31  216 0  3.870e-3  8.290e+8
 942.9670 H2_LF_R3 31  215 0  5.700e-3  8.570e+8  AR
 944.331  H2_LF_P3 31  215 0  3.540e-3  8.570e+8
 944.525  S_VI     16 32 6 0  2.100e-1  1.570e+9
 944.730  H2_LG_P5 31  216 0  2.040e-3  8.290e+8
 945.191  C_I       6 12 1 0  2.730e-1  1.000e+8
 945.699  H2_LH_R7 31  217 0  3.070e-3  8.110e+8
 946.129  H2_LF_R4 31  215 0  4.540e-3  8.570e+8
 946.170  H2_LE_R0 31  214 0  1.100e-3  8.830e+8
 946.386  H2_W3_R1 31  2 3 0  1.290e-2  1.121e+9
 946.425  H2_W3_R0 31  2 3 0  6.210e-2  1.121e+9
 946.986  H2_LE_R1 31  214 0  1.870e-3  8.830e+8
 947.113  H2_W3_R2 31  2 3 0  1.330e-2  1.121e+9
 947.394  H2_LG_R6 31  216 0  3.800e-3  8.290e+8
 947.425  H2_W3_Q1 31  2 3 0  2.730e-2  1.121e+9
 947.517  H2_LE_P1 31  214 0  3.510e-3  8.830e+8
 947.887  H2_LF_P4 31  215 0  3.650e-3  8.570e+8
 948.380  H2_LH_P7 31  217 0  2.680e-3  8.110e+8
 948.418  H2_W3_R3 31  2 3 0  1.280e-2  1.121e+9
 948.472  H2_LE_R2 31  214 0  1.210e-2  8.830e+8
 948.618  H2_W3_Q2 31  2 3 0  2.730e-2  1.121e+9
 948.6855 O_I       8 16 1 0                    
 949.355  H2_LE_P2 31  214 0  9.080e-3  8.830e+8
 949.4847 D_I_4     1  2 1 0  1.394e-2  4.203e+7
 949.612  H2_W3_P2 31  2 3 0  8.950e-4  1.121e+9
 949.7430 H_I_4     1  1 1 0  1.394e-2  4.203e+7
 949.845  H2_LG_P6 31  216 0  3.250e-3  8.290e+8
 950.102  H2_LF_R5 31  215 0  4.700e-3  8.570e+8
 950.316  H2_W3_R4 31  2 3 0  1.250e-2  1.121e+9
 950.401  H2_W3_Q3 31  2 3 0  2.730e-2  1.121e+9
 950.657  P_IV     15 31 4 0  1.710e00  4.200e+9
 950.820  H2_LE_R3 31  214 0  9.930e-3  8.830e+8
 951.0791 N_I       7 14 1 0  1.291e-4  1.830e+8
 951.2947 N_I       7 14 1 2  1.811e-5  1.870e+8
 951.672  H2_W3_P3 31  2 3 0  1.270e-2  1.121e+9
 952.256  H2_LF_P5 31  215 0  3.830e-3  8.570e+8
 952.276  H2_LE_P3 31  214 0  7.060e-4  8.830e+8
 952.3034 N_I       7 14 1 0                    
 952.4148 N_I       7 14 1 0                    
 952.5227 N_I       7 14 1 0                    
 952.758  H2_W3_Q4 31  2 3 0  2.720e-2  1.121e+9
 952.807  H2_W3_R5 31  2 3 0  1.730e-2  1.121e+9
 952.853  H2_LG_R7 31  216 0  3.740e-3  8.290e+8
 953.4152 N_I       7 14 1 0                    
 953.6549 N_I       7 14 1 0                    
 953.9699 N_I       7 14 1 0                    
 954.1042 N_I       7 14 1 0                    
 954.006  H2_LE_R4 31  214 0  8.860e-3  8.830e+8
 954.419  H2_LD_R0 31  213 0  1.380e-2  9.120e+8
 954.475  H2_W3_P4 31  2 3 0  1.340e-2  1.121e+9
 954.826  F_I       9 19 1 0                    
 954.862  H2_LF_R6 31  215 0  4.620e-3  8.570e+8
 955.067  H2_LD_R1 31  213 0  9.460e-3  9.120e+8
 955.2643 N_I       7 14 1 0  5.023e-5  4.050e+7
 955.437  N_I       7 14 1 2  1.156e-6  5.520e+7
 955.5292 N_I       7 14 1 0  1.730e-5  1.650e+8
 955.8814 N_I       7 14 1 2  5.874e-5  1.680e+8
 955.682  H2_W3_Q5 31  2 3 0  2.710e-2  1.121e+9
 955.711  H2_LD_P1 31  213 0  4.220e-3  9.120e+8
 955.719  H2_LG_P7 31  216 0  3.270e-3  8.290e+8
 955.855  H2_LE_P4 31  214 0  1.740e-3  8.830e+8
 956.5825 H2_LD_R2 31  213 0  9.100e-3  9.120e+8  AR
 957.417  H2_LF_P6 31  215 0  3.950e-3  8.570e+8
 957.654  H2_LD_P2 31  213 0  4.820e-3  9.120e+8
 957.819  H2_W3_P5 31  2 3 0  1.400e-2  1.121e+9
 957.998  H2_LE_R5 31  214 0  5.690e-3  8.830e+8
 958.949  H2_LD_R3 31  213 0  8.170e-3  9.120e+8
 959.4936 N_I       7 14 1 0                    
 960.265  H2_LE_P5 31  214 0  2.250e-3  8.830e+8
 960.384  H2_LF_R7 31  215 0  4.550e-3  8.570e+8
 960.452  H2_LD_P3 31  213 0  4.930e-3  9.120e+8
 961.0412 P_II     15 31 2 0  3.490e-1  1.000e+8  M03
 962.154  H2_LD_R4 31  213 0  7.730e-3  9.120e+8
 962.791  H2_LE_R6 31  214 0  5.590e-3  8.830e+8
 962.978  H2_LC_R0 31  212 0  1.290e-2  9.480e+8
 963.351  H2_LF_P7 31  215 0  3.960e-3  8.570e+8
 963.609  H2_LC_R1 31  212 0  6.860e-3  9.480e+8
 963.801  P_II     15 31 2 0                    
 963.9903 N_I       7 14 1 1  1.510e-2  1.000e+8
 964.091  H2_LD_P4 31  213 0  4.950e-3  9.120e+8
 964.312  H2_LC_P1 31  212 0  5.010e-3  9.480e+8
 964.6256 N_I       7 14 1 2  1.000e-2  1.000e+8
 964.988  H2_LC_R2 31  212 0  1.510e-3  9.480e+8
 964.988  H2_W2_R0 31  2 2 0  6.880e-2  1.139e+9
 965.0413 N_I       7 14 1 3  5.020e-3  1.000e+8
 965.067  H2_W2_R1 31  2 2 0  3.520e-2  1.139e+9
 965.477  H2_LE_P6 31  214 0  4.770e-3  8.830e+8
 965.793  H2_W2_R2 31  2 2 0  3.230e-2  1.139e+9
 966.097  H2_W2_Q1 31  2 2 0  3.490e-2  1.139e+9
 966.176  H2_LD_R5 31  213 0  6.820e-3  9.120e+8
 966.272  H2_LC_P2 31  212 0  6.460e-3  9.480e+8
 966.780  H2_W2_R3 31  2 2 0  7.870e-3  1.139e+9
 967.278  H2_W2_Q2 31  2 2 0  3.480e-2  1.139e+9
 967.674  H2_LC_R3 31  212 0  2.150e-2  9.480e+8
 968.293  H2_W2_P2 31  2 2 0  7.120e-3  1.139e+9
 968.353  H2_LE_R7 31  214 0  5.500e-3  8.830e+8
 968.558  H2_LD_P5 31  213 0  4.990e-3  9.120e+8
 968.664  H2_W2_R4 31  2 2 0  1.300e-2  1.139e+9
 969.047  H2_W2_Q3 31  2 2 0  3.480e-2  1.139e+9
 969.086  H2_LC_P3 31  212 0  8.030e-3  9.480e+8
 970.560  H2_W2_P3 31  2 2 0  9.510e-3  1.139e+9
 970.835  H2_LC_R4 31  212 0  1.470e-2  9.480e+8
 970.994  H2_LD_R6 31  213 0  6.700e-3  9.120e+8
 971.073  H2_W2_R5 31  2 2 0  2.210e-2  1.139e+9
 971.386  H2_W2_Q4 31  2 2 0  3.470e-2  1.139e+9
 971.469  H2_LE_P7 31  214 0  4.800e-3  8.830e+8
 971.7371 O_I       8 16 1 0  1.380e-4  2.000e+6  M03
 971.7376 O_I       8 16 1 0  2.070e-3  2.000e+7  M03
 971.7382 O_I       8 16 1 0  1.160e-2  8.000e+7  M03
 971.984  H2_LB_R0 31  211 0  1.970e-2  9.870e+8
 972.1429 O_I       8 16 1 0                    
 972.2722 D_I_3     1  2 1 0  2.899e-2  8.126e+7
 972.5368 H_I_3     1  1 1 0  2.899e-2  8.126e+7
 972.625  H2_LB_R1 31  211 0  1.370e-2  9.870e+8
 972.625  H2_LC_P4 31  212 0  1.300e-2  9.480e+8
 973.212  Cl_IV    17 35 4 0  4.410e-2  1.850e+8
 973.348  H2_LB_P1 31  211 0  5.870e-3  9.870e+8
 973.450  H2_W2_P4 31  2 2 0  6.700e-3  1.139e+9
 973.828  H2_LD_P6 31  213 0  5.730e-3  9.120e+8
 974.156  H2_LB_R2 31  211 0  1.250e-2  9.870e+8
 974.286  H2_W2_Q5 31  2 2 0  3.460e-2  1.139e+9
 974.884  H2_LC_R5 31  212 0  8.110e-3  9.480e+8
 975.3480 H2_LB_P2 31  211 0  6.600e-3  9.870e+8  AR
 976.4481 O_I       8 16 1 0  3.300e-3  1.000e+8
 976.552  H2_LB_R3 31  211 0  1.210e-2  9.870e+8
 976.552  H2_W2_P5 31  2 2 0  2.130e-2  1.139e+9
 976.581  H2_LD_R7 31  213 0  6.600e-3  9.120e+8
 977.0201 C_III     6 12 3 0  7.570e-1  1.760e+9  M03
 977.460  H2_LC_P5 31  212 0  4.000e-4  9.480e+8
 978.2201 H2_LB_P3 31  211 0  6.700e-3  9.870e+8  AR
 979.725  H2_LC_R6 31  212 0  7.970e-2  9.480e+8
 979.806  H2_LB_R4 31  211 0  1.170e-2  9.870e+8
 979.880  H2_LD_P7 31  213 0  5.760e-3  9.120e+8
 981.441  H2_LA_R0 31  210 0  2.040e-2  1.030e+9
 981.950  H2_LB_P4 31  211 0  6.610e-3  9.870e+8
 982.074  H2_LA_R1 31  210 0  1.330e-2  1.030e+9
 982.383  H2_LA_P1 31  210 0  6.780e-3  1.030e+9
 982.718  H2_LC_P6 31  212 0  6.810e-3  9.480e+8
 987.9145 Cl_I     17 35 1 0                    
 988.5778 O_I       8 16 1 0  5.530e-4  1.000e+7  M03
 988.6549 O_I       8 16 1 0  8.300e-3  1.000e+8  M03
 988.7734 O_I       8 16 1 0  4.650e-2  4.000e+8  M03
 989.799  N_III     7 14 3 0  1.230e-1  5.000e+8  M03
 989.8731 Si_II    14 28 2 0  1.710e-1  6.673e+8  M03
 991.394  H2_L9_R0 31  2 9 0  2.590e-2  1.070e+9
 991.511  N_III*    7 14 3 0  1.200e-2  5.000e+8  M03;174.4 cm-1
 991.577  N_III*    7 14 3 0  1.100e-1  4.970e+8  M03;174.4 cm-1
 992.022  H2_L9_R1 31  2 9 0  1.800e-2  1.070e+9
 992.6828 Si_II*   14 28 2 0  1.530e-1  6.673e+8  M03;287.24 cm-1
 992.6956 Si_II*   14 28 2 0  1.700e-2  6.673e+8  M03;287.24 cm-1
 992.813  H2_L9_P1 31  2 9 0  7.650e-3  1.070e+9
 993.5540 H2_L9_R2 31  2 9 0  1.700e-2  1.070e+9  AR
 994.876  H2_L9_P2 31  2 9 0  8.580e-3  1.070e+9
 995.9758 H2_L9_R3 31  2 9 0  1.700e-2  1.070e+9  AR
 997.64   P_V      15 31 5 0  1.000e00  1.000e+8
 997.8318 H2_L9_P3 31  2 9 0  8.800e-3  1.070e+9  AR
 998.000  P_III    15 31 3 0  1.000e00  1.000e+8
1001.8284 H2_L8_R0 31  2 8 0  2.700e-2  1.140e+9  AR
1002.3464 Cl_I     17 35 1 0                    
1002.4565 H2_L8_R1 31  2 8 0  1.800e-2  1.140e+9  AR
1003.3015 H2_L8_P1 31  2 8 0  0.850e-2  1.140e+9  AR
1003.9891 H2_L8_R2 31  2 8 0  1.700e-2  1.140e+9  AR
1004.6676 Cl_I     17 35 1 0  1.577e-1  2.085e+9  M91
1005.3976 H2_L8_P2 31  2 8 0  0.990e-2  1.140e+9  AR
1006.015  N_III     7 14 3 0  1.000e00  1.000e+8
1006.22   P_IV     15 31 4 0  1.000e00  1.000e+8
1006.4177 H2_L8_R3 31  2 8 0  1.600e-2  1.140e+9  AR
1008.3907 H2_L8_P3 31  2 8 0  1.000e-2  1.140e+9  AR
1008.4972 H2_W0_R1 32  2 0 0  2.100e-2  1.180e+9  AR
1008.5511 H2_W0_R0 32  2 0 0  4.400e-2  1.180e+9  AR
1009.0229 H2_W0_R2 32  2 0 0  1.600e-2  1.180e+9  AR
1009.7217 H2_L8_R4 31  2 8 0  1.400e-2  1.140e+9  AR
1009.7703 H2_W0_Q1 32  2 0 0  2.400e-2  1.180e+9  AR
1010.1277 H2_W0_R3 32  2 0 0  1.400e-2  1.180e+9  AR
1010.9375 H2_W0_Q2 32  2 0 0  2.400e-2  1.180e+9  AR
1011.457  HD_L8_R0 35  3 8 0  2.440e-2  1.000e+9
1011.8096 H2_W0_R4 32  2 0 0  1.400e-2  1.180e+9  AR
1012.1684 H2_W0_P2 32  2 0 0  0.550e-2  1.180e+9  AR
1012.2662 H2_L8_P4 31  2 8 0  1.100e-2  1.140e+9  AR
1012.495  S_III    16 32 3 0  4.380e-2  2.810e+8  M03
1012.6789 H2_W0_Q3 32  2 0 0  2.400e-2  1.180e+9  AR
1012.8174 H2_L7_R0 31  2 7 0  3.000e-2  1.200e+9  AR
1013.4412 H2_L7_R1 31  2 7 0  2.000e-2  1.200e+9  AR
1013.7099 H2_L8_R5 31  2 8 0  1.400e-2  1.140e+9  AR/MD
1014.2369 H2_W0_R5 32  2 0 0  2.600e-2  1.180e+9  AR
1014.3321 H2_L7_P1 31  2 7 0  0.900e-2  1.200e+9  AR
1014.5033 H2_W0_P3 32  2 0 0  0.820e-2  1.180e+9  AR
1014.9801 H2_L7_R2 31  2 7 0  1.900e-2  1.200e+9  AR
1014.9811 H2_W0_Q4 32  2 0 0  2.400e-2  1.180e+9  AR
1016.4655 H2_L7_P2 31  2 7 0  1.000e-2  1.200e+9  AR
1017.0080 H2_L8_P5 31  2 8 0  1.100e-2  1.140e+9  AR
1017.3835 H2_W0_P4 32  2 0 0  0.990e-2  1.180e+9  AR
1017.4273 H2_L7_R3 31  2 7 0  1.800e-2  1.200e+9  AR
1017.8303 H2_W0_Q5 32  2 0 0  2.400e-2  1.180e+9  AR
1018.2182 H2_L9_P7 31  2 9 0  0.880e-2  1.070e+9  AR
1019.0173 H2_L8_R6 31  2 8 0  2.000e-2  1.140e+9  AR
1019.5065 H2_L7_P3 31  2 7 0  1.100e-2  1.200e+9  AR
1020.6989 Si_II    14 28 2 0  1.680e-2  1.040e+9  M03
1020.7690 H2_L7_R4 31  2 7 0  1.800e-2  1.200e+9  AR
1020.7965 H2_W0_P5 32  2 0 0  1.100e-2  1.180e+9  AR
1021.453  HD_L7_R0 35  3 7 0  2.420e-2  1.000e+9
1022.5868 H2_L8_P6 31  2 8 0  1.300e-2  1.140e+9  AR
1023.4402 H2_L7_P4 31  2 7 0  1.100e-2  1.200e+9  AR
1023.7002 Si_II*   14 28 2 0  1.680e-2  1.040e+9  M03;287.24 cm-1
1024.3759 H2_L6_R0 31  2 6 0  2.900e-2  1.300e+9  AR
1024.8786 H2_L8_R7 31  2 8 0  1.900e-2  1.140e+9  AR
1024.9900 H2_L6_R1 31  2 6 0  2.000e-2  1.300e+9  AR
1024.9917 H2_L7_R5 31  2 7 0  1.800e-2  1.200e+9  AR
1025.2821 Cl_I     17 35 1 0                    
1025.4420 D_I_2     1  2 1 0  7.914e-2  1.897e+8  M03
1025.7223 H_I_2     1  1 1 0  7.914e-2  1.897e+8  M03
1025.7616 O_I       8 16 1 0  1.630e-2  1.020e+8  M03
1025.7626 O_I       8 16 1 0  2.910e-3  1.020e+8  M03
1025.7633 O_I       8 16 1 0  1.940e-4  1.020e+8  M03
1025.9376 H2_L6_P1 31  2 6 0  0.910e-2  1.300e+9  AR
1025.9681 Mg_II    12 24 2 1  7.430e-4  8.360e+6  M03
1026.1134 Mg_II    12 24 2 2  3.920e-4  8.360e+6  M03
1026.4744 O_I       8 16 1 0  7.300e-9  4.590e+7  M03
1026.4757 O_I       8 16 1 0  8.710e-8  4.590e+7  M03
1026.5295 H2_L6_R2 31  2 6 0  1.800e-2  1.300e+9  AR
1028.1078 H2_L6_P2 31  2 6 0  1.100e-2  1.300e+9  AR
1028.2517 H2_L7_P5 31  2 7 0  1.100e-2  1.200e+9  AR
1028.9878 H2_L6_R3 31  2 6 0  1.700e-2  1.300e+9  AR
1028.8046 H2_L8_P7 31  2 8 0  2.300e-2  1.140e+9  AR
1030.0746 H2_L7_R6 31  2 7 0  1.800e-2  1.200e+9  AR
1031.1948 H2_L6_P3 31  2 6 0  1.100e-2  1.300e+9  AR
1031.5070 Cl_I     17 35 1 0                    
1031.909  HD_L6_R0 35  3 6 0  2.280e-2  1.000e+9
1031.9265 O_VI      8 16 6 0  1.325e-1  4.149e+8  M03
1032.3513 H2_L6_R4 31  2 6 0  1.700e-2  1.300e+9  AR
1033.9190 H2_L7_P6 31  2 7 0  1.100e-2  1.200e+9  AR
1035.1841 H2_L6_P4 31  2 6 0  1.100e-2  1.300e+9  AR
1036.0034 H2_L7_R7 31  2 7 0  1.800e-2  1.200e+9  AR
1036.3367 C_II      6 12 2 0  1.180e-1  2.200e+9  M03
1036.5462 H2_L5_R0 31  2 5 0  2.700e-2  1.370e+9  AR
1036.6063 H2_L6_R5 31  2 6 0  1.700e-2  1.300e+9  AR
1037.0182 C_II*     6 12 2 0  1.180e-1  2.200e+9  M03;63.42 cm-1
1037.1502 H2_L5_R1 31  2 5 0  1.800e-2  1.370e+9  AR
1037.6155 O_VI      8 16 6 0  6.580e-2  4.076e+8  M03
1038.1579 H2_L5_P1 31  2 5 0  0.870e-2  1.370e+9  AR
1038.6898 H2_L5_R2 31  2 5 0  1.600e-2  1.370e+9  AR
1039.2304 O_I       8 16 1 0  9.070e-3  1.870e+8  M03
1040.0610 H2_L6_P5 31  2 6 0  1.100e-2  1.300e+9  AR
1040.3675 H2_L5_P2 31  2 5 0  1.000e-2  1.370e+9  AR
1040.4268 H2_L7_P7 31  2 7 0  1.100e-2  1.200e+9  AR
1041.1585 H2_L5_R3 31  2 5 0  1.600e-2  1.370e+9  AR
1041.7318 H2_L6_R6 31  2 6 0  1.700e-2  1.300e+9  AR
1042.847  HD_L5_R0 35  3 5 0  2.000e-2  1.000e+9
1043.5036 H2_L5_P3 31  2 5 0  1.100e-2  1.370e+9  AR
1044.5427 H2_L5_R4 31  2 5 0  1.500e-2  1.370e+9  AR
1047.3756 O_I       8 16 1 0  7.080e-8  2.930e+7  M03
1047.5515 H2_L5_P4 31  2 5 0  1.100e-2  1.370e+9  AR
1048.2199 Ar_I     18 40 1 0  2.630e-1  3.180e+7  M03
1048.8291 H2_L5_R5 31  2 5 0  1.500e-2  1.370e+9  AR
1049.3674 H2_L4_R0 31  2 4 0  2.300e-2  1.450e+9  AR
1049.9596 H2_L4_R1 31  2 4 0  1.600e-2  1.450e+9  AR
1051.0327 H2_L4_P1 31  2 4 0  0.760e-2  1.450e+9  AR
1051.4977 H2_L4_R2 31  2 4 0  1.400e-2  1.450e+9  AR
1052.4966 H2_L5_P5 31  2 5 0  1.100e-2  1.370e+9  AR
1053.2840 H2_L4_P2 31  2 4 0  0.910e-2  1.450e+9  AR
1053.9753 H2_L4_R3 31  2 4 0  1.300e-2  1.450e+9  AR
1053.9964 H2_L5_R6 31  2 5 0  1.500e-2  1.370e+9  AR
1054.286  HD_L4_R0 35  3 4 0  1.610e-2  1.000e+9
1054.727  HD_L4_R1 35  3 4 0  1.070e-2  1.000e+9
1055.2617 Fe_II    26 56 2 0  6.150e-3  1.000e+8  M03
1056.4714 H2_L4_P3 31  2 4 0  0.960e-2  1.450e+9  AR
1057.3791 H2_L4_R4 31  2 4 0  1.300e-2  1.450e+9  AR
1060.5802 H2_L4_P4 31  2 4 0  0.980e-2  1.450e+9  AR
1061.6958 H2_L4_R5 31  2 4 0  1.300e-2  1.450e+9  AR
1062.1517 Fe_II    26 56 2 0  2.910e-3  1.000e+8  M03
1062.671  S_IV     16 32 4 0  4.940e-2  1.330e+8  M03
1062.8825 H2_L3_R0 31  2 3 0  1.800e-2  1.536e+9  AR
1063.1764 Fe_II    26 56 2 1  5.470e-2  1.000e+8  M03
1063.4604 H2_L3_R1 31  2 3 0  1.200e-2  1.536e+9  AR
1063.8311 Cl_II    17 35 2 0  5.030e-3  1.670e+8  M03
1063.9718 Fe_II    26 56 2 2  4.750e-3  1.000e+8  M03
1064.6061 H2_L3_P1 31  2 3 0  0.600e-2  1.536e+9  AR
1064.9943 H2_L3_R2 31  2 3 0  1.100e-2  1.536e+9  AR
1065.5958 H2_L4_P5 31  2 4 0  1.000e-2  1.450e+9  AR
1066.271  HD_L3_R0 35  3 3 0  1.140e-2  1.000e+9
1066.629  Si_IV    14 28 4 0  1.000e00  1.000e+8
1066.6598 Ar_I     18 40 1 0  6.750e-2  1.320e+8  M03
1066.9008 H2_L3_P2 31  2 3 0  0.710e-2  1.536e+9  AR
1066.9042 H2_L4_R6 31  2 4 0  1.200e-2  1.450e+9  AR
1067.4783 H2_L3_R3 31  2 3 0  1.000e-2  1.536e+9  AR
1070.1413 H2_L3_P3 31  2 3 0  0.760e-2  1.536e+9  AR
1070.8991 H2_L3_R4 31  2 3 0  0.960e-2  1.536e+9  AR
1071.0358 Cl_II    17 35 2 0  1.500e-2  1.650e+8  M03
1072.99   S_IV     16 32 4 0  1.000e00  1.000e+8
1073.52   S_IV     16 32 4 0  1.000e00  1.000e+8
1074.3125 H2_L3_P4 31  2 3 0  0.780e-2  1.536e+9  AR
1075.2437 H2_L3_R5 31  2 3 0  0.930e-2  1.536e+9  AR
1076.0340 CO_EPXR0 41 28 0 0  6.800e-2  1.000e+9  F01
1075.987  CO_EPXR1 41 28 0 1  3.400e-2  1.000e+9  F01
1076.078  CO_EPXQ1 41 28 0 2  3.400e-2  1.000e+9  F01
1075.940  CO_EPXR2 41 28 0 1  2.720e-2  1.000e+9  F01
1076.077  CO_EPXQ2 41 28 0 2  3.400e-2  1.000e+9  F01
1076.167  CO_EPXP2 41 28 0 3  0.680e-2  1.000e+9  F01
1075.891  CO_EPXR3 41 28 0 1  2.429e-2  1.000e+9  F01
1076.074  CO_EPXQ3 41 28 0 2  3.400e-2  1.000e+9  F01
1076.210  CO_EPXP3 41 28 0 3  0.971e-2  1.000e+9  F01
1077.1420 H2_L2_R0 31  2 2 0  1.200e-2  1.632e+9  AR
1077.7021 H2_L2_R1 31  2 2 0  0.770e-2  1.632e+9  AR
1078.708  N_IV      7 14 4 0  1.000e00  1.000e+8
1078.9290 H2_L2_P1 31  2 2 0  0.390e-2  1.632e+9  AR
1079.2281 H2_L2_R2 31  2 2 0  0.680e-2  1.632e+9  AR
1079.4001 H2_L3_P5 31  2 3 0  0.790e-2  1.536e+9  AR
1080.4914 H2_L3_R6 31  2 3 0  0.890e-2  1.536e+9  AR
1081.2690 H2_L2_P2 31  2 2 0  0.470e-2  1.632e+9  AR
1081.7141 H2_L2_R3 31  2 2 0  0.640e-2  1.632e+9  AR
1081.8748 Fe_II    26 56 2 0  1.260e-2  1.000e+8  M03
1083.4204 Fe_II    26 56 2 0  2.800e-3  1.000e+8  M03
1083.9937 N_II      7 14 2 0  1.110e-1  3.740e+8  M03
1084.5637 H2_L2_P3 31  2 2 0  0.500e-2  1.632e+9  AR
1084.5659 N_II*     7 14 2 1  2.720e-2  3.740e+8  M03;48.67 cm-1
1084.5841 N_II*     7 14 2 2  8.300e-2  3.730e+8  M03;48.67 cm-1
1085.1476 H2_L2_R4 31  2 2 0  0.600e-2  1.632e+9  AR
1085.5328 N_II**    7 14 2 1  1.060e-3  3.740e+8  M03;130.80 cm-1
1085.5511 N_II**    7 14 2 2  1.610e-2  3.730e+8  M03;130.80 cm-1
1085.7096 N_II**    7 14 2 3  9.210e-2  3.720e+8  M03;130.80 cm-1
1087.8680 CO_CSXR0 41 28 0 0  1.230e-1  1.000e+9  F01
1087.821  CO_CSXR1 41 28 0 1  0.820e-1  1.000e+9  F01
1087.959  CO_CSXP1 41 28 0 2  0.410e-1  1.000e+9  F01
1087.774  CO_CSXR2 41 28 0 1  0.739e-1  1.000e+9  F01
1088.004  CO_CSXP2 41 28 0 2  0.492e-1  1.000e+9  F01
1087.727  CO_CSXR3 41 28 0 1  0.703e-1  1.000e+9  F01
1088.049  CO_CSXP3 41 28 0 2  0.527e-1  1.000e+9  F01
1088.0589 Cl_I     17 35 1 0  8.100e-2  5.980e+7  M03
1088.7981 H2_L2_P4 31  2 2 0  0.520e-2  1.632e+9  AR
1089.5160 H2_L2_R5 31  2 2 0  0.570e-2  1.632e+9  AR
1092.2002 H2_L1_R0 31  2 1 0  5.800e-3  1.741e+9  AR
1092.7373 H2_L1_R1 31  2 1 0  3.800e-3  1.741e+9  AR
1093.9579 H2_L2_P5 31  2 2 0  0.520e-2  1.632e+9  AR
1094.0573 H2_L1_P1 31  2 1 0  2.000e-3  1.741e+9  AR
1094.2488 H2_L1_R2 31  2 1 0  3.300e-3  1.741e+9  AR
1094.7988 H2_L2_R6 31  2 2 0  0.550e-2  1.632e+9  AR
1096.4437 H2_L1_P2 31  2 1 0  2.400e-3  1.741e+9  AR
1096.7296 H2_L1_R3 31  2 1 0  3.100e-3  1.741e+9  AR
1096.8769 Fe_II    26 56 2 0  3.270e-2  1.000e+8  M03
1097.3692 Cl_I     17 35 1 0  8.800e-3  1.561e+8  M03
1099.7923 H2_L1_P3 31  2 1 0  2.500e-3  1.741e+9  AR
1100.1678 H2_L1_R4 31  2 1 0  2.900e-3  1.741e+9  AR
1101.65   P_IV     15 31 4 0  1.000e00  1.000e+8
1101.9361 Cl_I     17 35 1 0  1.130e-2  1.000e+8  M03
1103.636  C_I       6 12 1 0                    
1104.0883 H2_L1_P4 31  2 1 0  2.600e-3  1.741e+9  AR
1104.5519 H2_L1_R5 31  2 1 0  2.700e-3  1.741e+9  AR
1105.86   HD_L0_R0 32  3 1 0  0.744e-3  1.900e+9
1107.600  C_IV      6 12 4 0  1.000e00  1.000e+8
1107.933  C_IV      6 12 4 0  1.000e00  1.000e+8
1108.1303 H2_L0_R0 31  2 0 0  1.700e-3  1.868e+9  AR
1108.6359 H2_L0_R1 31  2 0 0  1.100e-3  1.868e+9  AR
1109.041  C_I       6 12 1 0                    
1109.633  C_I       6 12 1 0                    
1109.3176 H2_L1_P5 31  2 1 0  2.600e-3  1.741e+9  AR
1109.8620 H2_L1_R6 31  2 1 0  2.500e-3  1.741e+9  AR
1110.0660 H2_L0_P1 31  2 0 0  0.580e-3  1.868e+9  AR
1110.1221 H2_L0_R2 31  2 0 0  0.940e-3  1.868e+9  AR
1111.420  C_I       6 12 1 0                    
1112.0480 Fe_II    26 56 2 0  4.460e-3  1.000e+8  M03
1112.268  C_I       6 12 1 0                    
1112.4987 H2_L0_P2 31  2 0 0  0.700e-3  1.868e+9  AR
1112.5851 H2_L0_R3 31  2 0 0  0.850e-3  1.868e+9  AR
1114.626  C_I       6 12 1 0                    
1115.8983 H2_L0_P3 31  2 0 0  0.740e-3  1.868e+9  AR
1116.0144 H2_L0_R4 31  2 0 0  0.780e-3  1.868e+9  AR
1117.865  C_I       6 12 1 0  3.550e-3  1.000e+8  M03
1117.9774 P_V      15 31 5 0  4.720e-1  1.260e+9  M03
1120.2504 H2_L0_P4 31  2 0 0  0.760e-3  1.868e+9  AR
1120.3997 H2_L0_R5 31  2 0 0  0.720e-3  1.868e+9  AR
1121.9748 Fe_II    26 56 2 0  2.900e-2  1.000e+8  M03
1122.486  Si_IV    14 28 4 0  1.000e00  1.000e+8
1122.524  Fe_III   26 56 3 0  5.440e-2  1.000e+8  M03
1125.4477 Fe_II    26 56 2 0  1.560e-2  1.000e+8  M03
1125.5418 H2_L0_P5 31  2 0 0  0.760e-3  1.868e+9  AR
1125.7231 H2_L0_R6 31  2 0 0  0.660e-3  1.868e+9  AR
1127.0984 Fe_II    26 56 2 0  1.120e-3  1.000e+8  M03
1128.0078 P_V      15 31 5 0  2.330e-1  1.220e+9  M03
1128.340  Si_IV    14 28 4 0  1.000e00  1.000e+8
1129.195  C_I       6 12 1 0  7.710e-3  1.000e+8  M03
1129.3175 C_I       6 12 1 0  1.980e-3  1.000e+8  M03
1133.6654 Fe_II    26 56 2 0  4.720e-3  1.000e+8  M03
1134.1653 N_I       7 14 1 1  1.460e-2  1.510e+8  M03
1134.4149 N_I       7 14 1 2  2.870e-2  1.490e+8  M03
1134.9803 N_I       7 14 1 3  4.160e-2  1.440e+8  M03
1138.384  C_I       6 12 1 0  2.410e-3  3.000e+6  M03
1138.5609 C_I       6 12 1 0  0.991e-3  2.000e+6  M03
1139.7919 C_I       6 12 1 0  1.230e-2  4.000e+7  M03
1139.5145 C_I*      6 12 1 1  0.881e-2  3.000e+7  M03
1140.0053 C_I*      6 12 1 2  0.184e-2  4.000e+7  M03
1139.8121 C_I**     6 12 1 0  0.806e-2  4.000e+7  M03
1140.0096 C_I       6 12 1 0  3.560e-3  1.000e+7  M03
1140.3576 C_I*      6 12 1 0  2.070e-3  1.000e+7  M03
1142.3656 Fe_II    26 56 2 1  4.010e-3  3.000e+8  M03
1143.2260 Fe_II    26 56 2 2  1.920e-2  3.000e+8  M03
1144.9379 Fe_II    26 56 2 3  0.830e-1  3.000e+8  M03
1150.4830 CO_BSXR0 41 28 0 0  6.700e-3  1.000e+9  F01
1150.430  CO_BSXR1 41 28 0 1  4.468e-3  1.000e+9  F01
1150.585  CO_BSXP1 41 28 0 2  2.234e-3  1.000e+9  F01
1150.377  CO_BSXR2 41 28 0 1  4.019e-3  1.000e+9  F01
1150.635  CO_BSXP2 41 28 0 2  2.679e-3  1.000e+9  F01
1150.324  CO_BSXR3 41 28 0 1  3.829e-3  1.000e+9  F01
1150.685  CO_BSXP3 41 28 0 2  2.871e-3  1.000e+9  F01
1152.8180 P_II     15 31 2 0  2.450e-1  1.230e+9  M03
1155.8092 C_I       6 12 1 0  4.920e-3  1.000e+8  M03
1155.9793 C_I*      6 12 1 0  2.500e-3  1.000e+8  M03
1156.0286 C_I*      6 12 1 0  2.270e-3  1.000e+8  M03
1156.1992 C_I*      6 12 1 0  0.799e-3  1.000e+8  M03
1156.3895 C_I**     6 12 1 0  1.810e-3  1.000e+8  M03
1156.5603 C_I**     6 12 1 0  5.390e-3  1.000e+8  M03
1157.1857 C_I       6 12 1 0  8.710e-4  1.000e+8  M03
1157.4056 C_I*      6 12 1 0  1.500e-3  1.000e+8  M03
1157.9097 C_I       6 12 1 0  2.120e-2  1.000e+8  M03
1157.7697 C_I*      6 12 1 1  0.878e-2  1.000e+8  M03
1158.1299 C_I*      6 12 1 2  0.397e-2  1.000e+8  M03
1158.0188 C_I**     6 12 1 1  1.570e-2  1.000e+8  M03
1158.1317 C_I**     6 12 1 2  0.519e-2  1.000e+8  M03
1158.4921 C_I**     6 12 1 3  0.759e-4  1.000e+8  M03
1158.3240 C_I       6 12 1 0  6.550e-3  1.000e+8  M03
1158.0349 C_I*      6 12 1 1  1.040e-2  1.000e+8  M03
1158.5443 C_I*      6 12 1 2  0.675e-3  1.000e+8  M03
1158.6744 C_I*      6 12 1 3  1.470e-3  1.000e+8  M03
1158.3971 C_I**     6 12 1 1  1.650e-3  1.000e+8  M03
1158.9068 C_I**     6 12 1 2  1.010e-3  1.000e+8  M03
1158.7321 C_I*      6 12 1 0  1.710e-3  1.000e+7  M03
1159.8168 N_I       7 14 1 1  9.950e-6  4.700e+8  M03
1160.9366 N_I       7 14 1 2  2.750e-6  4.700e+8  M03
1162.015  Mn_II    25 55 2 1  1.020e-2  1.000e+8  M03
1163.326  Mn_II    25 55 2 2  0.721e-2  1.000e+8  M03
1164.208  Mn_II    25 55 2 3  0.470e-2  1.000e+8  M03
1164.272  Ge_II    32 73 2 0  2.800e-1  1.000e+8  M99  
1164.8672 Kr_I     36 84 1 0  1.880e-1  3.090e+8  M99
1168.599  N_IV      7 14 4 0  1.000e00  1.000e+8
1168.873  C_IV      6 12 4 0  1.000e00  1.000e+8
1168.990  C_IV      6 12 4 0  1.000e00  1.000e+8
1169.063  N_IV      7 14 4 0  1.000e00  1.000e+8
1169.478  N_IV      7 14 4 0  1.000e00  1.000e+8
1174.933  C_III     6 12 3 0  1.000e00  1.000e+8
1175.263  C_III     6 12 3 0  1.000e00  1.000e+8
1175.590  C_III     6 12 3 0  1.000e00  1.000e+8
1175.67   C_III     6 12 3 0  1.000e00  1.000e+8
1175.711  C_III     6 12 3 0  1.000e00  1.000e+8
1175.987  C_III     6 12 3 0  1.000e00  1.000e+8
1176.370  C_III     6 12 3 0  1.000e00  1.000e+8
1183.030  N_III     7 14 3 0  1.000e00  1.000e+8
1184.544  N_III     7 14 3 0  1.000e00  1.000e+8
1187.41   Co_II    27 59 2 0  7.430e-3  8.000e+7  M03
1188.7515 Cl_I     17 35 1 1  5.500e-3  2.190e+8  M03
1188.7742 Cl_I     17 35 1 2  7.010e-2  2.210e+8  M03
1188.8329 C_I       6 12 1 0  1.240e-2  1.000e+8  M03
1188.9928 C_I*      6 12 1 1  5.030e-3  1.000e+8  M03
1189.0650 C_I*      6 12 1 2  4.260e-3  1.000e+8  M03
1189.2488 C_I*      6 12 1 3  3.850e-3  1.000e+8  M03
1189.4468 C_I**     6 12 1 1  3.760e-3  1.000e+8  M03
1189.6307 C_I**     6 12 1 2  1.120e-2  1.000e+8  M03
1190.0209 C_I       6 12 1 0  5.760e-4  1.000e+8  M03
1190.203  S_III    16 32 3 0  2.370e-2  6.650e+7  M03
1190.4158 Si_II    14 28 2 1  2.920e-1  4.080e+9  M03
1193.2897 Si_II    14 28 2 2  5.820e-1  4.070e+9  M03
1192.2158 C_I       6 12 1 0  1.370e-3  1.000e+8  M03
1192.4492 C_I*      6 12 1 0  1.620e-3  1.000e+8  M03
1193.0300 C_I       6 12 1 0  4.090e-2  1.302e+8  M03
1193.0085 C_I*      6 12 1 1  2.810e-2  1.302e+8  M03
1193.2637 C_I*      6 12 1 2  9.150e-3  1.302e+8  M03
1193.2401 C_I**     6 12 1 1  3.320e-2  1.301e+8  M03
1193.3928 C_I**     6 12 1 2  7.380e-3  1.302e+8  M03
1193.6483 C_I**     6 12 1 3  2.880e-4  1.302e+8  M03
1193.9954 C_I       6 12 1 0  1.240e-2  1.000e+8  M03
1193.6786 C_I*      6 12 1 1  9.050e-3  1.000e+8  M03
1194.2295 C_I*      6 12 1 2  1.780e-3  1.000e+8  M03
1194.4055 C_I*      6 12 1 3  3.140e-3  1.000e+8  M03
1194.0634 C_I**     6 12 1 1  6.360e-3  1.000e+8  M03
1194.6146 C_I**     6 12 1 2  2.270e-3  1.000e+8  M03
1194.5002 Si_II*   14 28 2 1  7.270e-1  4.080e+9  M03;287.24 cm-1
1197.3938 Si_II*   14 28 2 2  1.450e-1  4.070e+9  M03;287.24 cm-1
1197.184  Mn_II    25 55 2 1  2.170e-1  1.000e+8  M03
1199.391  Mn_II    25 55 2 2  1.690e-1  1.000e+8  M03
1201.118  Mn_II    25 55 2 3  1.210e-1  1.000e+8  M03
1199.5496 N_I       7 14 1 1  1.320e-1  4.070e+8  M03
1200.2233 N_I       7 14 1 2  8.690e-2  4.020e+8  M03
1200.7098 N_I       7 14 1 3  4.320e-2  4.000e+8  M03
1206.500  Si_III   14 28 3 0  1.630e00  2.480e+9  M03
1215.3394 D_I_1     1  2 1 0  4.165e-1  6.270e+8  M03
1215.6700 H_I_1     1  1 1 0  4.164e-1  6.265e+8  M03
1222.07   OH_DXQP  48 17 1 0  1.150e-2  1.000e+8  R96
1222.52   OH_DXP   48 17 1 0  0.710e-2  1.000e+8  R96
1235.8380 Kr_I     36 84 1 0  2.040e-1  2.980e+8  M99
1237.0589 Ge_II    32 73 2 0  1.232e00  2.000e+8  M99  
1238.821  N_V       7 14 5 1  1.560e-1  3.391e+8  M03
1239.728  H2O      55 18 1 0  1.000e00  1.000e+9  S79
1242.804  N_V       7 14 5 2  7.700e-2  3.356e+8  M03
1239.9253 Mg_II    12 24 2 1  6.320e-4  5.450e+7  M03
1240.3947 Mg_II    12 24 2 2  3.560e-4  5.450e+7  M03
1246.0590 CO_AX12  41 2812 0  9.005e-5  1.000e+9  MN
1246.036  CO_AXR1  41 2812 1  4.503e-5  1.000e+9  MN
1246.119  CO_AXQ1  41 2812 2  4.503e-5  1.000e+9  MN
1246.033  CO_AXR2  41 2812 1  3.602e-5  1.000e+9  MN
1246.156  CO_AXQ2  41 2812 2  4.503e-5  1.000e+9  MN
1246.238  CO_AXP2  41 2812 3  0.901e-5  1.000e+9  MN
1246.049  CO_AXR3  41 2812 1  3.217e-5  1.000e+9  MN
1246.212  CO_AXQ3  41 2812 2  4.503e-5  1.000e+9  MN
1246.335  CO_AXP3  41 2812 3  1.286e-5  1.000e+9  MN
1246.084  CO_AXR4  41 2812 1  3.000e-5  1.000e+9  MN
1246.288  CO_AXQ4  41 2812 2  4.499e-5  1.000e+9  MN
1246.451  CO_AXP4  41 2812 3  1.500e-5  1.000e+9  MN
1246.137  CO_AXR5  41 2812 1  2.864e-5  1.000e+9  MN
1246.383  CO_AXQ5  41 2812 2  4.499e-5  1.000e+9  MN
1246.586  CO_AXP5  41 2812 3  1.636e-5  1.000e+9  MN
1246.209  CO_AXR6  41 2812 1  2.769e-5  1.000e+9  MN
1246.495  CO_AXQ6  41 2812 2  4.499e-5  1.000e+9  MN
1246.741  CO_AXP6  41 2812 3  1.730e-5  1.000e+9  MN
1247.1602 S_I      16 32 1 0  4.300e-3  1.330e+7  M03
1247.383  C_III     6 12 3 0  1.000e00  1.000e+8
1250.578  S_II     16 32 2 1  5.430e-3  4.630e+7  M03
1253.805  S_II     16 32 2 2  1.090e-2  4.620e+7  M03
1259.518  S_II     16 32 2 3  1.660e-2  4.650e+7  M03
1257.34   SH       55 33 1 0  1.000e00  1.000e+9  S79
1260.4221 Si_II    14 28 2 0  1.180e00  2.950e+9  M03
1260.533  Fe_II    26 56 2 0  2.400e-2  1.000e+8  M03
1260.7351 C_I       6 12 1 0  5.070e-2  2.400e+8  M03   0.0
1260.9262 C_I*      6 12 1 1  1.750e-2  2.410e+8  M03  45.5
1260.9961 C_I*      6 12 1 2  1.340e-2  2.400e+8  M03  61.6
1261.1224 C_I*      6 12 1 3  2.020e-2  2.360e+8  M03  91.4
1261.4255 C_I**     6 12 1 1  1.310e-2  2.400e+8  M03 163.0
1261.5519 C_I**     6 12 1 2  3.910e-2  2.360e+8  M03 192.8
1263.4330 CO_AX11  41 2811 0  1.801e-4  1.000e+9  MN
1263.409  CO_AXR1  41 2811 1  9.005e-5  1.000e+9  MN
1263.494  CO_AXQ1  41 2811 2  9.005e-5  1.000e+9  MN
1263.403  CO_AXR2  41 2811 1  7.204e-5  1.000e+9  MN
1263.532  CO_AXQ2  41 2811 2  9.005e-5  1.000e+9  MN
1263.617  CO_AXP2  41 2811 3  1.801e-5  1.000e+9  MN
1263.416  CO_AXR3  41 2811 1  6.434e-5  1.000e+9  MN
1263.587  CO_AXQ3  41 2811 2  9.005e-5  1.000e+9  MN
1263.716  CO_AXP3  41 2811 3  2.571e-5  1.000e+9  MN
1263.447  CO_AXR4  41 2811 1  6.000e-5  1.000e+9  MN
1263.661  CO_AXQ4  41 2811 2  8.999e-5  1.000e+9  MN
1263.833  CO_AXP4  41 2811 3  2.999e-5  1.000e+9  MN
1263.498  CO_AXR5  41 2811 1  5.727e-5  1.000e+9  MN
1263.754  CO_AXQ5  41 2811 2  8.998e-5  1.000e+9  MN
1263.968  CO_AXP5  41 2811 3  3.271e-5  1.000e+9  MN
1263.567  CO_AXR6  41 2811 1  5.538e-5  1.000e+9  MN
1263.866  CO_AXQ6  41 2811 2  8.997e-5  1.000e+9  MN
1264.123  CO_AXP6  41 2811 3  3.460e-5  1.000e+9  MN
1263.770  As_II    33 75 2 0  2.590e-1  4.000e+8  M00
1264.7377 Si_II*   14 28 2 1  1.050e00  2.930e+9  M03;287.24 cm-1
1265.0020 Si_II*   14 28 2 2  1.170e-1  2.950e+9  M03;287.24 cm-1
1270.1432 C_I       6 12 1 0  3.860e-4  2.000e+8  M03
1270.4081 C_I*      6 12 1 0  0.451e-5  2.000e+8  M03
1270.8440 C_I**     6 12 1 0  1.450e-8  1.000e+9  M03
1270.7804 S_I      16 32 1 0  8.370e-3  2.500e+7  M03
1270.96   UID      99 99 1 0  1.000e00  1.000e+9  F95
1274.1090 C_I**     6 12 1 0  5.620e-4  1.000e+9  M03
1274.537  H2BX03R0 31  2 3 0  1.000e00  1.000e+9  AR94
1274.922  H2BX03R1 31  2 3 0  1.000e00  1.000e+9  AR94
1276.812  H2BX03P1 31  2 3 0  1.000e00  1.000e+9  AR94
1276.325  H2BX03R2 31  2 3 0  1.000e00  1.000e+9  AR94
1279.464  H2BX03P2 31  2 3 0  1.000e00  1.000e+9  AR94
1278.734  H2BX03R3 31  2 3 0  1.000e00  1.000e+9  AR94
1283.111  H2BX03P3 31  2 3 0  1.000e00  1.000e+9  AR94
1282.141  H2BX03R4 31  2 3 0  1.000e00  1.000e+9  AR94
1287.732  H2BX03P4 31  2 3 0  1.000e00  1.000e+9  AR94
1276.4825 C_I       6 12 1 0  1.180e-2  8.790e+7  M03   0.0
1276.7498 C_I*      6 12 1 0  8.239e-3  8.790e+7  M03  62.9
1277.1901 C_I**     6 12 1 0  3.220e-4  8.790e+7  M03 166.3
1277.2454 C_I       6 12 1 0  1.310e-1  2.320e+8  M03   0.0
1277.2823 C_I*      6 12 1 1  8.140e-2  2.460e+8  M03   8.8
1277.5130 C_I*      6 12 1 2  3.950e-2  2.320e+8  M03  62.9
1277.5496 C_I**     6 12 1 1  8.620e-2  2.440e+8  M03  71.6
1277.7229 C_I**     6 12 1 2  2.760e-2  2.460e+8  M03 112.3
1277.9538 C_I**     6 12 1 3  3.065e-3  2.320e+8  M03 166.5
1279.0558 C_I*      6 12 1 0  6.097e-3  3.412e+7  M03
1279.2286 C_I**     6 12 1 1  8.996e-3  3.998e+7  M03
1279.4977 C_I**     6 12 1 2  3.622e-3  3.998e+7  M03
1280.1353 C_I       6 12 1 0  4.806e-2  1.060e+8  M03   0.0
1279.8904 C_I*      6 12 1 1  2.817e-2  1.170e+8  M03 -57.3
1280.4042 C_I*      6 12 1 2  1.320e-2  1.060e+8  M03  63.1
1280.5970 C_I*      6 12 1 3  1.777e-2  1.050e+8  M03 108.4
1280.3328 C_I**     6 12 1 1  2.759e-2  1.170e+8  M03  46.4
1280.8470 C_I**     6 12 1 2  1.329e-2  1.060e+8  M03 166.9
1281.8660 CO_AX10  41 2810 0  4.094e-4  1.000e+9  MN
1281.838  CO_AXR1  41 2810 1  2.047e-4  1.000e+9  MN
1281.929  CO_AXQ1  41 2810 2  2.047e-4  1.000e+9  MN
1281.831  CO_AXR2  41 2810 1  1.638e-4  1.000e+9  MN
1281.964  CO_AXQ2  41 2810 2  2.047e-4  1.000e+9  MN
1282.055  CO_AXP2  41 2810 3  0.409e-4  1.000e+9  MN
1281.840  CO_AXR3  41 2810 1  1.463e-4  1.000e+9  MN
1282.020  CO_AXQ3  41 2810 2  2.047e-4  1.000e+9  MN
1282.154  CO_AXP3  41 2810 3  0.585e-4  1.000e+9  MN
1281.868  CO_AXR4  41 2810 1  1.364e-4  1.000e+9  MN
1282.093  CO_AXQ4  41 2810 2  2.046e-4  1.000e+9  MN
1282.273  CO_AXP4  41 2810 3  0.682e-4  1.000e+9  MN
1281.914  CO_AXR5  41 2810 1  1.302e-4  1.000e+9  MN
1282.184  CO_AXQ5  41 2810 2  2.045e-4  1.000e+9  MN
1282.409  CO_AXP5  41 2810 3  0.744e-4  1.000e+9  MN
1281.979  CO_AXR6  41 2810 1  1.259e-4  1.000e+9  MN
1282.294  CO_AXQ6  41 2810 2  2.045e-4  1.000e+9  MN
1282.563  CO_AXP6  41 2810 3  0.787e-4  1.000e+9  MN
1287.6076 C_I*      6 12 1 0  6.030e-5  1.000e+9  M03
1288.0553 C_I**     6 12 1 0  2.010e-5  1.000e+9  M03
1290.257  HCl_CX00 36 36 0 0  0.141e00  1.000e+9  SRF
1295.6531 S_I      16 32 1 0  8.700e-2  7.000e+8  M03
1296.1739 S_I      16 32 1 0  2.200e-2  7.000e+8  M03
1297.21   UID      99 99 0 0  1.000e00  1.000e+9  Des
1298.697  Ti_III   22 48 3 0  0.964e-1  5.880e+8  M03
1300.45   UID      99 99 0 0  1.000e00  1.000e+9  Des
1301.4030 CO_APXS9 41 28 9 0  9.497e-4  1.000e+9  MN
1301.374  CO_AXR1  41 28 9 1  4.749e-4  1.000e+9  MN
1301.468  CO_AXQ1  41 28 9 2  4.749e-4  1.000e+9  MN
1301.364  CO_AXR2  41 28 9 1  3.799e-4  1.000e+9  MN
1301.505  CO_AXQ2  41 28 9 2  4.749e-4  1.000e+9  MN
1301.598  CO_AXP2  41 28 9 3  0.950e-4  1.000e+9  MN
1301.370  CO_AXR3  41 28 9 1  3.393e-4  1.000e+9  MN
1301.559  CO_AXQ3  41 28 9 2  4.749e-4  1.000e+9  MN
1301.700  CO_AXP3  41 28 9 3  1.356e-4  1.000e+9  MN
1301.396  CO_AXR4  41 28 9 1  3.167e-4  1.000e+9  MN
1301.631  CO_AXQ4  41 28 9 2  4.749e-4  1.000e+9  MN
1301.820  CO_AXP4  41 28 9 3  1.583e-4  1.000e+9  MN
1301.438  CO_AXR5  41 28 9 1  3.023e-4  1.000e+9  MN
1301.722  CO_AXQ5  41 28 9 2  4.749e-4  1.000e+9  MN
1301.957  CO_AXP5  41 28 9 3  1.727e-4  1.000e+9  MN
1301.500  CO_AXR6  41 28 9 1  2.923e-4  1.000e+9  MN
1301.829  CO_AXQ6  41 28 9 2  4.749e-4  1.000e+9  MN
1302.113  CO_AXP6  41 28 9 3  1.826e-4  1.000e+9  MN
1301.8743 P_II     15 31 2 0  1.270e-2  4.820e+7  M03
1302.1685 O_I       8 16 1 0  4.800e-2  5.650e+8  M03
1303.4300 S_I      16 32 1 0  4.360e-3  5.650e+7  M03
1304.3702 Si_II    14 28 2 0  8.630e-2  1.010e+9  M03
1304.8576 O_I*      8 16 1 0  4.780e-2  5.650e+8  M03;158.265 cm-1
1305.2910 13COAX9  41 28 9 0  9.497e-4  1.000e+9  MN
1305.262  13COAXR1 41 28 9 1  4.749e-4  1.000e+9  MN
1305.354  13COAXQ1 41 28 9 2  4.749e-4  1.000e+9  MN
1306.0286 O_I**     8 16 1 0  4.780e-2  5.650e+8  M03;226.977 cm-1
1308.866  Ni_II    28 59 2 0  2.380e-3  1.000e+8  W
1309.2757 Si_II*   14 28 2 0  8.600e-2  1.010e+9  M03;287.24 cm-1
1310.01   SiO      55 44 1 0  1.000e00  1.000e+9  S79
1312.94   NO+      55 31 2 0  1.000e00  1.000e+9  S79
1314.1704 C2_FXR0  45 24 0 0  0.600e-1  1.000e+9  BJM
1314.0790 C2_FXR2  45 24 2 1  2.400e-2  1.000e+9  BJM
1314.2464 C2_FXQ2  45 24 2 2  3.000e-2  1.000e+9  BJM
1314.3581 C2_FXP2  45 24 2 3  0.600e-2  1.000e+9  BJM
1314.0146 C2_FXR4  45 24 4 1  2.000e-2  1.000e+9  BJM
1314.2936 C2_FXQ4  45 24 4 2  3.000e-2  1.000e+9  BJM
1314.5169 C2_FXP4  45 24 4 3  1.000e-2  1.000e+9  BJM
1313.9771 C2_FXR6  45 24 6 1  1.846e-2  1.000e+9  BJM
1314.3677 C2_FXQ6  45 24 6 2  3.000e-2  1.000e+9  BJM
1314.7027 C2_FXP6  45 24 6 3  1.154e-2  1.000e+9  BJM
1313.9667 C2_FXR8  45 24 8 1  1.765e-2  1.000e+9  BJM
1314.4688 C2_FXQ8  45 24 8 2  3.000e-2  1.000e+9  BJM
1314.9154 C2_FXP8  45 24 8 3  1.235e-2  1.000e+9  BJM
1313.9834 C2_FXR10 45 2410 1  1.714e-2  1.000e+9  BJM
1314.5968 C2_FXQ10 45 2410 2  3.000e-2  1.000e+9  BJM
1315.1551 C2_FXP10 45 2410 3  1.286e-2  1.000e+9  BJM
1314.0270 C2_FXR12 45 2412 1  1.680e-2  1.000e+9  BJM
1314.7519 C2_FXQ12 45 2412 2  3.000e-2  1.000e+9  BJM
1315.4218 C2_FXP12 45 2412 3  1.320e-2  1.000e+9  BJM
1314.0978 C2_FXR14 45 2414 1  1.655e-2  1.000e+9  BJM
1314.9339 C2_FXQ14 45 2414 2  3.000e-2  1.000e+9  BJM
1315.7154 C2_FXP14 45 2414 3  1.345e-2  1.000e+9  BJM
1314.1957 C2_FXR16 45 2416 1  1.636e-2  1.000e+9  BJM
1315.1430 C2_FXQ16 45 2416 2  3.000e-2  1.000e+9  BJM
1316.0360 C2_FXP16 45 2416 3  1.364e-2  1.000e+9  BJM
1314.3208 C2_FXR18 45 2418 1  1.622e-2  1.000e+9  BJM
1315.3791 C2_FXQ18 45 2418 2  3.000e-2  1.000e+9  BJM
1316.3836 C2_FXP18 45 2418 3  1.378e-2  1.000e+9  BJM
1314.4731 C2_FXR20 45 2418 1  1.610e-2  1.000e+9  BJM
1315.6424 C2_FXQ20 45 2418 2  3.000e-2  1.000e+9  BJM
1316.7583 C2_FXP20 45 2418 3  1.390e-2  1.000e+9  BJM
1316.5425 S_I      16 32 1 0  2.790e-2  7.750e+7  M03
1317.217  Ni_II    28 59 2 0  7.750e-2  5.000e+8  W99
1322.1500 CO_APXS8 41 28 8 0  2.022e-3  1.000e+9  MN
1322.119  CO_AXR1  41 28 8 1  1.011e-3  1.000e+9  MN
1322.217  CO_AXQ1  41 28 8 2  1.011e-3  1.000e+9  MN
1322.105  CO_AXR2  41 28 8 1  0.809e-3  1.000e+9  MN
1322.253  CO_AXQ2  41 28 8 2  1.011e-3  1.000e+9  MN
1322.351  CO_AXP2  41 28 8 3  0.202e-3  1.000e+9  MN
1322.108  CO_AXR3  41 28 8 1  0.716e-3  1.000e+9  MN
1322.306  CO_AXQ3  41 28 8 2  1.011e-3  1.000e+9  MN
1322.455  CO_AXP3  41 28 8 3  0.295e-3  1.000e+9  MN
1322.130  CO_AXR4  41 28 8 1  0.669e-3  1.000e+9  MN
1322.377  CO_AXQ4  41 28 8 2  1.004e-3  1.000e+9  MN
1322.575  CO_AXP4  41 28 8 3  0.334e-3  1.000e+9  MN
1322.169  CO_AXR5  41 28 8 1  0.639e-3  1.000e+9  MN
1322.467  CO_AXQ5  41 28 8 2  1.004e-3  1.000e+9  MN
1322.714  CO_AXP5  41 28 8 3  0.365e-3  1.000e+9  MN
1322.227  CO_AXR6  41 28 8 1  0.618e-3  1.000e+9  MN
1322.573  CO_AXQ6  41 28 8 2  1.005e-3  1.000e+9  MN
1322.870  CO_AXP6  41 28 8 3  0.386e-3  1.000e+9  MN
1322.945  CO_e12R0 41 2812 1  6.430e-6  1.000e+9  ER03
1323.052  CO_e12R0 41 2812 2  7.100e-6  1.000e+9  ER03
1322.899  CO_e12R1 41 2812 1  3.630e-6  1.000e+9  ER03
1323.075  CO_e12Q1 41 2812 2  6.680e-6  1.000e+9  ER03
1323.083  CO_e12R1 41 2812 3  2.900e-6  1.000e+9  ER03
1322.883  CO_e12R2 41 2812 1  3.020e-6  1.000e+9  ER03
1323.143  CO_e12R2 41 2812 2  1.950e-6  1.000e+9  ER03
1323.135  CO_e12Q2 41 2812 3  6.330e-6  1.000e+9  ER03
1323.147  CO_e12P2 41 2812 4  0.643e-6  1.000e+9  ER03
1323.254  CO_e12P2 41 2812 5  0.709e-6  1.000e+9  ER03
1325.7930 13COAX8  41 29 8 0  2.022e-3  1.000e+9  MN
1325.764  13COAXR1 41 29 8 1  1.011e-3  1.000e+9  MN
1325.852  13COAXQ1 41 29 8 2  1.011e-3  1.000e+9  MN
1325.754  13COAXR2 41 29 8 1  0.808e-3  1.000e+9  MN
1325.887  13COAXQ2 41 29 8 2  1.010e-3  1.000e+9  MN
1325.987  13COAXP2 41 29 8 3  0.202e-3  1.000e+9  MN
1325.758  13COAXR3 41 29 8 1  0.722e-3  1.000e+9  MN
1325.939  13COAXQ3 41 29 8 2  1.010e-3  1.000e+9  MN
1326.087  13COAXP3 41 29 8 3  0.288e-3  1.000e+9  MN
1328.8333 C_I       6 12 1 0  8.985e-2  2.880e+8  M03
1329.0853 C_I*      6 12 1 1  3.601e-2  2.890e+8  M03
1329.1004 C_I*      6 12 1 2  4.350e-2  2.870e+8  M03
1329.1233 C_I*      6 12 1 3  3.086e-2  2.880e+8  M03
1329.5775 C_I**     6 12 1 1  5.785e-2  2.870e+8  M03
1329.6005 C_I**     6 12 1 2  3.064e-2  2.880e+8  M03
1333.475  H2BX04R0 31  2 4 0  1.000e00  1.000e+9  AR94
1333.797  H2BX04R1 31  2 4 0  1.000e00  1.000e+9  AR94
1335.131  H2Bx04R2 31  2 4 0  1.000e00  1.000e+9  AR94
1334.5323 C_II      6 12 2 0  1.280e-1  2.880e+8  M03
1334.8132 P_III    15 31 3 0  2.820e-2  6.320e+7  M03
1335.6627 C_II*     6 12 2 1  1.280e-2  2.880e+8  M03;63.42 cm-1
1335.7077 C_II*     6 12 2 2  1.150e-1  2.880e+8  M03;63.42 cm-1
1335.7258 Cl_I     17 35 1 0  3.130e-2  6.760e+8  M03
1339.636  NO+AX1R0 55 31 2 0  1.000e00  1.000e+9  F95
1341.6305 C2_FXR0  45 24 0 0  1.000e-1  1.000e+9  BJM
1341.5318 C2_FXR2  45 24 2 1  4.000e-2  1.000e+9  BJM
1341.7084 C2_FXQ2  45 24 2 2  5.000e-2  1.000e+9  BJM
1341.8261 C2_FXP2  45 24 2 3  1.000e-2  1.000e+9  BJM
1341.4585 C2_FXR4  45 24 4 1  3.333e-2  1.000e+9  BJM
1341.7527 C2_FXQ4  45 24 4 2  5.000e-2  1.000e+9  BJM
1341.9882 C2_FXP4  45 24 4 3  1.667e-2  1.000e+9  BJM
1341.4105 C2_FXR6  45 24 6 1  3.077e-2  1.000e+9  BJM
1341.8224 C2_FXQ6  45 24 6 2  5.000e-2  1.000e+9  BJM
1342.1757 C2_FXP6  45 24 6 3  1.923e-2  1.000e+9  BJM
1341.3879 C2_FXR8  45 24 8 1  2.941e-2  1.000e+9  BJM
1341.9174 C2_FXQ8  45 24 8 2  5.000e-2  1.000e+9  BJM
1342.3884 C2_FXP8  45 24 8 3  2.059e-2  1.000e+9  BJM
1341.3905 C2_FXR10 45 2410 1  2.857e-2  1.000e+9  BJM
1342.0376 C2_FXQ10 45 2410 2  5.000e-2  1.000e+9  BJM
1342.6264 C2_FXP10 45 2410 3  2.143e-2  1.000e+9  BJM
1341.4184 C2_FXR12 45 2412 1  2.800e-2  1.000e+9  BJM
1342.1830 C2_FXQ12 45 2412 2  5.000e-2  1.000e+9  BJM
1342.8896 C2_FXP12 45 2412 3  2.200e-2  1.000e+9  BJM
1341.4715 C2_FXR14 45 2414 1  2.759e-2  1.000e+9  BJM
1342.3536 C2_FXQ14 45 2414 2  5.000e-2  1.000e+9  BJM
1343.1780 C2_FXP14 45 2414 3  2.241e-2  1.000e+9  BJM
1341.5497 C2_FXR16 45 2416 1  2.727e-2  1.000e+9  BJM
1342.5492 C2_FXQ16 45 2416 2  5.000e-2  1.000e+9  BJM
1343.4914 C2_FXP16 45 2416 3  2.273e-2  1.000e+9  BJM
1341.6530 C2_FXR18 45 2418 1  2.703e-2  1.000e+9  BJM
1342.7698 C2_FXQ18 45 2418 2  5.000e-2  1.000e+9  BJM
1343.8298 C2_FXP18 45 2418 3  2.297e-2  1.000e+9  BJM
1341.7812 C2_FXR20 45 2418 1  2.683e-2  1.000e+9  BJM
1343.0154 C2_FXQ20 45 2418 2  5.000e-2  1.000e+9  BJM
1344.1931 C2_FXP20 45 2418 3  2.317e-2  1.000e+9  BJM
1344.1860 CO_APXS7 41 28 7 0  4.136e-3  1.000e+9  MN
1344.151  CO_AXR1  41 28 7 1  2.068e-3  1.000e+9  MN
1344.255  CO_AXQ1  41 28 7 2  2.068e-3  1.000e+9  MN
1344.134  CO_AXR2  41 28 7 1  1.658e-3  1.000e+9  MN
1344.290  CO_AXQ2  41 28 7 2  2.068e-3  1.000e+9  MN
1344.394  CO_AXP2  41 28 7 3  0.414e-3  1.000e+9  MN
1344.133  CO_AXR3  41 28 7 1  1.478e-3  1.000e+9  MN
1344.342  CO_AXQ3  41 28 7 2  2.068e-3  1.000e+9  MN
1344.498  CO_AXP3  41 28 7 3  0.591e-3  1.000e+9  MN
1344.153  CO_AXR4  41 28 7 1  1.380e-3  1.000e+9  MN
1344.413  CO_AXQ4  41 28 7 2  2.070e-3  1.000e+9  MN
1344.621  CO_AXP4  41 28 7 3  0.690e-3  1.000e+9  MN
1344.188  CO_AXR5  41 28 7 1  1.317e-3  1.000e+9  MN
1344.499  CO_AXQ5  41 28 7 2  2.070e-3  1.000e+9  MN
1344.759  CO_AXP5  41 28 7 3  0.752e-3  1.000e+9  MN
1344.240  CO_AXR6  41 28 7 1  1.274e-3  1.000e+9  MN
1344.604  CO_AXQ6  41 28 7 2  2.069e-3  1.000e+9  MN
1344.917  CO_AXP6  41 28 7 3  0.796e-3  1.000e+9  MN
1345.878  Ni_II    28 59 2 0  7.690e-3  1.000e+8  M03
1346.54   UID      99 99 1 0  1.000e00  1.000e+9  F95
1347.2396 Cl_I     17 35 1 0  1.530e-1  6.620e+8  M03
1347.5750 13COAX7  41 29 7 0  4.136e-3  1.000e+9  MN
1347.540  13COAXR1 41 29 7 1  2.068e-3  1.000e+9  MN
1347.641  13COAXQ1 41 29 7 2  2.068e-3  1.000e+9  MN
1347.525  13COAXR2 41 29 7 1  1.656e-3  1.000e+9  MN
1347.675  13COAXQ2 41 29 7 2  2.070e-3  1.000e+9  MN
1347.775  13COAXP2 41 29 7 3  0.414e-3  1.000e+9  MN
1347.523  13COAXR3 41 29 7 1  1.477e-3  1.000e+9  MN
1347.725  13COAXQ3 41 29 7 2  2.070e-3  1.000e+9  MN
1347.874  13COAXP3 41 29 7 3  0.593e-3  1.000e+9  MN
1355.5977 O_I]      8 16 1 0  1.160e-6  5.560e+3  M03
1358.7730 Cu_II    29 64 2 0  2.630e-1  7.200e+8  M03
1362.460  B_II      5 11 2 0  9.960e-1  1.190e+9  M03
1362.473  B_II      5 10 2 0  9.960e-1  1.190e+9  M03
1366.214  COa'17R0 41 2817 0  2.000e-6  1.000e+9  ER03
1366.179  COa'17Q1 41 2817 1  0.191e-6  1.000e+9  ER03
1366.207  COa'17R1 41 2817 2  1.020e-6  1.000e+9  ER03
1366.314  COa'17Q1 41 2817 3  0.805e-6  1.000e+9  ER03
1366.232  COa'17R2 41 2817 1  0.834e-6  1.000e+9  ER03
1366.208  COa'17Q2 41 2817 2  0.287e-6  1.000e+9  ER03
1366.415  COa'17Q2 41 2817 3  0.732e-6  1.000e+9  ER03
1366.429  COa'17P2 41 2817 4  0.200e-6  1.000e+9  ER03
1366.267  COa'17Q3 41 2817 1  0.336e-6  1.000e+9  ER03
1366.290  COa'17R3 41 2817 2  0.771e-6  1.000e+9  ER03
1366.550  COa'17Q3 41 2817 3  0.710e-6  1.000e+9  ER03
1366.566  COa'17P3 41 2817 4  0.291e-6  1.000e+9  ER03
1366.443  CO_d12R0 41 2812 0  5.770e-5  1.000e+9  ER03
1366.428  CO_d12R1 41 2812 1  3.000e-5  1.000e+9  ER03
1366.514  CO_d12Q1 41 2812 2  2.880e-5  1.000e+9  ER03
1367.207  CO_d12R1 41 2812 3  0.193e-5  1.000e+9  ER03
1366.441  CO_d12R2 41 2812 1  2.550e-5  1.000e+9  ER03
1366.658  CO_d12P2 41 2812 2  0.576e-5  1.000e+9  ER03
1366.571  CO_d12Q2 41 2812 3  3.000e-5  1.000e+9  ER03
1367.227  CO_d12R2 41 2812 4  0.477e-5  1.000e+9  ER03
1367.351  CO_d12Q2 41 2812 5  0.193e-5  1.000e+9  ER03
1366.483  CO_d12R3 41 2812 1  2.470e-5  1.000e+9  ER03
1366.571  CO_d12Q3 41 2817 2  3.000e-5  1.000e+9  ER03
1366.787  CO_d12P3 41 2817 3  0.856e-5  1.000e+9  ER03
1367.277  CO_d12R3 41 2817 4  1.060e-5  1.000e+9  ER03
1367.443  CO_d12Q3 41 2817 5  0.596e-5  1.000e+9  ER03
1367.567  CO_d12P3 41 2817 6  0.055e-5  1.000e+9  ER03
1367.6230 CO_APXS6 41 28 6 0  7.944e-3  1.000e+9  MN
1367.586  CO_AXR1  41 28 6 1  3.972e-3  1.000e+9  MN
1367.696  CO_AXQ1  41 28 6 2  3.972e-3  1.000e+9  MN
1367.566  CO_AXR2  41 28 6 1  3.178e-3  1.000e+9  MN
1367.730  CO_AXQ2  41 28 6 2  3.972e-3  1.000e+9  MN
1367.839  CO_AXP2  41 28 6 3  0.794e-3  1.000e+9  MN
1367.564  CO_AXR3  41 28 6 1  2.819e-3  1.000e+9  MN
1367.782  CO_AXQ3  41 28 6 2  3.972e-3  1.000e+9  MN
1367.946  CO_AXP3  41 28 6 3  1.153e-3  1.000e+9  MN
1367.580  CO_AXR4  41 28 6 1  2.610e-3  1.000e+9  MN
1367.852  CO_AXQ4  41 28 6 2  3.945e-3  1.000e+9  MN
1368.070  CO_AXP4  41 28 6 3  1.320e-3  1.000e+9  MN
1367.616  CO_AXR5  41 28 6 1  2.427e-3  1.000e+9  MN
1367.940  CO_AXQ5  41 28 6 2  3.913e-3  1.000e+9  MN
1368.212  CO_AXP5  41 28 6 3  1.435e-3  1.000e+9  MN
1367.675  CO_AXR6  41 28 6 1  1.929e-3  1.000e+9  MN
1368.047  CO_AXQ6  41 28 6 2  3.811e-3  1.000e+9  MN
1368.371  CO_AXP6  41 28 6 3  1.505e-3  1.000e+9  MN
1367.9509 Cu_II    29 64 2 0  1.790e-1  6.230e+8  M03
1368.197  NO+AX0R0 55 31 2 0  1.000e00  1.000e+9  F95
1368.74   CH_GX    42 13 1 0  1.900e-2  1.000e+9  Sh07
1369.13   CH_GX    42 13 1 0  3.000e-2  1.000e+9  Sh07
1370.132  Ni_II    28 59 2 0  7.690e-2  8.000e+8  M03
1370.6170 13COAX6  41 29 6 0  6.518e-3  1.000e+9  MN
1370.585  13COAXR1 41 29 6 1  3.259e-3  1.000e+9  MN
1370.687  13COAXQ1 41 29 6 2  3.259e-3  1.000e+9  MN
1370.571  13COAXR2 41 29 6 1  2.769e-3  1.000e+9  MN
1370.725  13COAXQ2 41 29 6 2  3.341e-3  1.000e+9  MN
1370.824  13COAXP2 41 29 6 3  0.572e-3  1.000e+9  MN
1370.573  13COAXR3 41 29 6 1  2.559e-3  1.000e+9  MN
1370.778  13COAXQ3 41 29 6 2  3.460e-3  1.000e+9  MN
1370.931  13COAXP3 41 29 6 3  0.901e-3  1.000e+9  MN
1370.87   CH_GX    42 13 1 0  0.900e-2  1.000e+9  Sh07
1370.928  13COd12  41 2912 0  1.531e-3  1.000e+9  MN
1370.909  13COd12R 41 2912 1  0.684e-3  1.000e+9  MN
1370.997  13COd12Q 41 2912 2  0.766e-3  1.000e+9  MN
1370.916  13COd12R 41 2912 1  0.451e-3  1.000e+9  MN
1371.047  13COd12Q 41 2912 2  0.684e-3  1.000e+9  MN
1371.135  13COd12P 41 2912 3  0.153e-3  1.000e+9  MN
1370.950  13COd12R 41 2912 1  0.316e-3  1.000e+9  MN
1371.123  13COd12Q 41 2912 2  0.564e-3  1.000e+9  MN
1371.254  13COd12P 41 2912 3  0.195e-3  1.000e+9  MN
1373.1164 Cl_I     17 35 1 0  4.610e-5  2.660e+6  M03
1377.0730 P_I      15 31 2 0  1.100e-1  2.000e+8  M03
1379.4282 P_I      15 31 2 0  2.190e-1  2.000e+8  M03
1379.5279 Cl_I     17 35 1 0  2.750e-3  1.080e+7  M03
1381.4760 P_I      15 31 1 0  3.160e-1  2.000e+8  M03
1389.6925 Cl_I     17 35 1 0  1.300e-4  2.990e+5  M03
1390.198  CO_e8R0  41 28 8 1  0.761e-6  1.000e+9  ER03
1390.323  CO_e8R0  41 28 8 2  1.050e-6  1.000e+9  ER03
1390.139  CO_e8R1  41 28 8 1  0.399e-6  1.000e+9  ER03
1390.355  CO_e8R1  41 28 8 2  0.517e-6  1.000e+9  ER03
1390.343  CO_e8Q1  41 28 8 3  0.904e-6  1.000e+9  ER03
1390.110  CO_e8R2  41 28 8 1  0.328e-6  1.000e+9  ER03
1390.416  CO_e8R2  41 28 8 2  0.423e-6  1.000e+9  ER03
1390.404  CO_e8Q2  41 28 8 3  0.915e-6  1.000e+9  ER03
1390.421  CO_e8P2  41 28 8 4  0.076e-6  1.000e+9  ER03
1390.546  CO_e8P2  41 28 8 5  0.105e-6  1.000e+9  ER03
1392.5250 CO_APXS5 41 28 5 0  1.449e-2  1.000e+9  MN
1392.484  CO_AXR1  41 28 5 1  7.245e-3  1.000e+9  MN
1392.600  CO_AXQ1  41 28 5 2  7.245e-3  1.000e+9  MN
1392.459  CO_AXR2  41 28 5 1  5.796e-3  1.000e+9  MN
1392.633  CO_AXQ2  41 28 5 2  7.245e-3  1.000e+9  MN
1392.749  CO_AXP2  41 28 5 3  1.449e-3  1.000e+9  MN
1392.453  CO_AXR3  41 28 5 1  5.179e-3  1.000e+9  MN
1392.683  CO_AXQ3  41 28 5 2  7.245e-3  1.000e+9  MN
1392.857  CO_AXP3  41 28 5 3  2.066e-3  1.000e+9  MN
1392.463  CO_AXR4  41 28 5 1  4.833e-3  1.000e+9  MN
1392.751  CO_AXQ4  41 28 5 2  7.248e-3  1.000e+9  MN
1392.982  CO_AXP4  41 28 5 3  2.415e-3  1.000e+9  MN
1392.489  CO_AXR5  41 28 5 1  4.613e-3  1.000e+9  MN
1392.835  CO_AXQ5  41 28 5 2  7.247e-3  1.000e+9  MN
1393.124  CO_AXP5  41 28 5 3  2.635e-3  1.000e+9  MN
1392.533  CO_AXR6  41 28 5 1  4.461e-3  1.000e+9  MN
1392.937  CO_AXQ6  41 28 5 2  7.247e-3  1.000e+9  MN
1393.283  CO_AXP6  41 28 5 3  2.787e-3  1.000e+9  MN
1393.324  Ni_II    28 59 2 0  1.010e-2  2.000e+8  M03
1393.7602 Si_IV    14 28 4 0  5.130e-1  8.800e+8  M03
1393.719  H2BX05R0 31  2 5 0  1.000e00  1.000e+9  AR94
1393.961  H2BX05R1 31  2 5 0  1.000e00  1.000e+9  AR94
1395.199  H2BX05r2 31  2 5 0  1.000e00  1.000e+9  AR94
1395.2290 13COAX5  41 29 5 0  1.449e-2  1.000e+9  MN
1395.191  13COAXR1 41 29 5 1  7.245e-3  1.000e+9  MN
1395.302  13COAXQ1 41 29 5 2  7.245e-3  1.000e+9  MN
1395.168  13COAXR2 41 29 5 1  5.800e-3  1.000e+9  MN
1395.335  13COAXQ2 41 29 5 2  7.250e-3  1.000e+9  MN
1395.444  13COAXP2 41 29 5 3  1.450e-3  1.000e+9  MN
1395.161  13COAXR3 41 29 5 1  5.180e-3  1.000e+9  MN
1395.383  13COAXQ3 41 29 5 2  7.250e-3  1.000e+9  MN
1395.549  13COAXP3 41 29 5 3  2.070e-3  1.000e+9  MN
1395.455  C18OAX5  41 30 5 0  1.449e-2  1.000e+9  SLF
1395.416  C18OAXR1 41 30 5 1  7.245e-3  1.000e+9  SLF
1395.526  C18OAXQ1 41 30 5 2  7.245e-3  1.000e+9  SLF
1396.8    CH2      55 14 1 0  1.000e00  1.000e+9  S79
1400.450  Sn_II    50119 2 0  1.030e00  2.080e+9  M99
1400.88   CS       49 44 1 0  0.140e00  1.000e+9  Des09
1401.5142 S_I      16 32 1 0  1.280e-2  1.410e+8  M03
1402.7729 Si_IV    14 28 4 0  2.540e-1  8.620e+8  M03
1402.821  CO_d10R0 14 2810 0  8.580e-6  1.000e+9  ER03
1402.802  CO_d10R1 14 2810 1  4.260e-6  1.000e+9  ER03
1402.897  CO_d10Q1 14 2810 2  4.290e-6  1.000e+9  ER03
1412.866  Ni_II    28 59 2 0  3.550e-3  2.000e+7  M03
1414.402  Ga_II    31 70 2 0  1.770e00  1.790e+9  M03
1415.720  Ni_II    28 59 2 0  3.190e-3  2.000e+7  M03
1419.0440 CO_APXS4 41 28 4 0  2.331e-2  1.000e+9  MN
1419.001  CO_AXR1  41 28 4 1  1.171e-2  1.000e+9  MN
1419.121  CO_AXQ1  41 28 4 2  1.162e-2  1.000e+9  MN
1418.975  CO_AXR2  41 28 4 1  0.942e-2  1.000e+9  MN
1419.155  CO_AXQ2  41 28 4 2  1.163e-2  1.000e+9  MN
1419.277  CO_AXP2  41 28 4 3  0.233e-2  1.000e+9  MN
1418.966  CO_AXR3  41 28 4 1  0.845e-2  1.000e+9  MN
1419.206  CO_AXQ3  41 28 4 2  1.167e-2  1.000e+9  MN
1419.389  CO_AXP3  41 28 4 3  0.335e-2  1.000e+9  MN
1418.972  CO_AXR4  41 28 4 1  0.793e-2  1.000e+9  MN
1419.273  CO_AXQ4  41 28 4 2  1.171e-2  1.000e+9  MN
1419.517  CO_AXP4  41 28 4 3  0.392e-2  1.000e+9  MN
1418.996  CO_AXR5  41 28 4 1  0.760e-2  1.000e+9  MN
1419.357  CO_AXQ5  41 28 4 2  1.178e-2  1.000e+9  MN
1419.663  CO_AXP5  41 28 4 3  0.430e-2  1.000e+9  MN
1419.036  CO_AXR6  41 28 4 1  0.737e-2  1.000e+9  MN
1419.458  CO_AXQ6  41 28 4 2  1.184e-2  1.000e+9  MN
1419.824  CO_AXP6  41 28 4 3  0.457e-2  1.000e+9  MN
1419.535  COa'14R0 41 2814 0  8.330e-4  1.000e+9  ER03
1419.478  COa'14Q1 41 2814 1  1.370e-4  1.000e+9  ER03
1419.522  COa'14R1 41 2814 2  3.670e-4  1.000e+9  ER03
1419.640  COa'14Q1 41 2814 3  3.080e-4  1.000e+9  ER03
1419.506  COa'14Q2 41 2814 1  2.270e-4  1.000e+9  ER03
1419.543  COa'14R2 41 2814 2  2.470e-4  1.000e+9  ER03
1419.744  COa'14Q2 41 2814 3  2.080e-4  1.000e+9  ER03
1419.767  COa'14P2 41 2814 4  0.833e-4  1.000e+9  ER03
1419.564  COa'14Q3 41 2814 1  2.630e-4  1.000e+9  ER03
1419.596  COa'14R3 41 2814 2  1.780e-4  1.000e+9  ER03
1419.884  COa'14Q3 41 2814 3  1.440e-4  1.000e+9  ER03
1419.910  COa'14P3 41 2814 4  1.050e-4  1.000e+9  ER03
1419.653  COa'14Q4 41 2814 1  2.580e-4  1.000e+9  ER03
1419.683  COa'14R4 41 2814 2  1.310e-4  1.000e+9  ER03
1420.058  COa'14Q4 41 2814 3  1.020e-4  1.000e+9  ER03
1420.085  COa'14P4 41 2814 4  1.030e-4  1.000e+9  ER03
1421.3400 13COAX4  41 29 4 0  2.423e-2  1.000e+9  MN
1421.296  13COAXR1 41 29 4 1  1.212e-2  1.000e+9  MN
1421.414  13COAXQ1 41 29 4 2  1.212e-2  1.000e+9  MN
1421.269  13COAXR2 41 29 4 1  0.968e-2  1.000e+9  MN
1421.444  13COAXQ2 41 29 4 2  1.210e-2  1.000e+9  MN
1421.562  13COAXP2 41 29 4 3  0.242e-2  1.000e+9  MN
1421.259  13COAXR3 41 29 4 1  0.864e-2  1.000e+9  MN
1421.493  13COAXQ3 41 29 4 2  1.210e-2  1.000e+9  MN
1421.668  13COAXP3 41 29 4 3  0.346e-2  1.000e+9  MN
1421.530  C18OAX4  41 30 4 0  2.423e-2  1.000e+9  SLF
1421.487  C18OAXR1 41 30 4 1  1.212e-2  1.000e+9  SLF
1421.604  C18OAXQ1 41 30 4 2  1.212e-2  1.000e+9  SLF
1422.304  CO_d9R0  41 28 9 0  3.900e-5  1.000e+9  ER03
1422.284  CO_d9R1  41 28 9 1  1.920e-5  1.000e+9  ER03
1422.382  CO_d9Q1  41 28 9 2  1.950e-5  1.000e+9  ER03
1423.095  CO_d9R1  41 28 9 3  0.993e-7  1.000e+9  ER03
1422.292  CO_d9R2  41 28 9 1  1.500e-5  1.000e+9  ER03
1422.538  CO_d9P2  41 28 9 2  0.390e-5  1.000e+9  ER03
1422.439  CO_d9Q2  41 28 9 3  1.920e-5  1.000e+9  ER03
1423.110  CO_d9R2  41 28 9 4  1.910e-7  1.000e+9  ER03
1423.250  CO_d9Q2  41 28 9 5  0.993e-7  1.000e+9  ER03
1425.0300 S_I      16 32 1 0  1.250e-1  5.000e+8  M03
1425.1879 S_I      16 32 1 0  2.230e-2  5.000e+8  M03
1433.905  Pb_II    82207 2 0  8.689e-1  1.620e+9  M99
1444.2960 S_I      16 32 1 0  1.240e-3  2.600e+6
1447.3520 CO_APXS3 41 28 3 0  3.463e-2  1.000e+9  MN
1447.304  CO_AXR1  41 28 3 1  1.732e-2  1.000e+9  MN
1447.433  CO_AXQ1  41 28 3 2  1.732e-2  1.000e+9  MN
1447.273  CO_AXR2  41 28 3 1  1.386e-2  1.000e+9  MN
1447.465  CO_AXQ2  41 28 3 2  1.732e-2  1.000e+9  MN
1447.594  CO_AXP2  41 28 3 3  0.346e-2  1.000e+9  MN
1447.257  CO_AXR3  41 28 3 1  1.237e-2  1.000e+9  MN
1447.514  CO_AXQ3  41 28 3 2  1.732e-2  1.000e+9  MN
1447.707  CO_AXP3  41 28 3 3  0.495e-2  1.000e+9  MN
1448.0198 Co_II    27 59 2 0  7.900e-3  2.000e+8  M03
1449.1450 13COAX3  41 29 3 0  3.463e-2  1.000e+9  MN
1449.099  13COAXR1 41 29 3 1  1.732e-2  1.000e+9  MN
1449.223  13COAXQ1 41 29 3 2  1.732e-2  1.000e+9  MN
1449.069  13COAXR2 41 29 3 1  1.390e-2  1.000e+9  MN
1449.254  13COAXQ2 41 29 3 2  1.733e-2  1.000e+9  MN
1449.376  13COAXP2 41 29 3 3  0.335e-2  1.000e+9  MN
1449.401  CO_e5R0  41 28 5 1  3.303e-5  1.000e+9  S02
1449.544  CO_e5R0  41 28 5 2  4.354e-5  1.000e+9  S02
1449.328  CO_e5R1  41 28 5 1  1.866e-5  1.000e+9  S02
1449.569  CO_e5Q1  41 28 5 2  3.818e-5  1.000e+9  S02
1449.579  CO_e5R1  41 28 5 3  1.896e-5  1.000e+9  S02
1449.997  Ni_II    28 59 2 0  1.750e-3  1.000e+8  M03
1454.842  Ni_II    28 59 2 0  3.230e-2  2.000e+8  M03
1466.2110 Co_II    27 59 2 0  3.100e-2  2.000e+8  M03
1467.259  Ni_II    28 59 2 0  6.300e-3  5.000e+7  M03
1467.756  Ni_II    28 59 2 0  9.900e-3  6.000e+7  M03
1472.9708 S_I      16 32 1 0  2.180e-2  4.000e+7
1473.0188 S_I      16 32 1 0  2.000e-3  1.000e+7
1473.0680 S_I      16 32 1 0  2.000e-4  1.000e+7
1473.9943 S_I      16 32 1 0  8.280e-2  1.600e+8  M03
1474.3785 S_I      16 32 1 0  1.480e-2  1.700e+8  M03
1474.5706 S_I      16 32 1 0  0.986e-3  1.700e+8  M03
1477.222  Ni_II    28 59 2 0  9.720e-4  1.000e+7  M03
1477.5650 CO_APXS2 41 28 2 0  4.013e-2  1.000e+9  MN
1477.513  CO_AXR1  41 28 2 1  2.007e-2  1.000e+9  MN
1477.648  CO_AXQ1  41 28 2 2  2.007e-2  1.000e+9  MN
1477.477  CO_AXR2  41 28 2 1  1.606e-2  1.000e+9  MN
1477.680  CO_AXQ2  41 28 2 2  2.007e-2  1.000e+9  MN
1477.817  CO_AXP2  41 28 2 3  0.401e-2  1.000e+9  MN
1477.456  CO_AXR3  41 28 2 1  1.433e-2  1.000e+9  MN
1477.729  CO_AXQ3  41 28 2 2  2.007e-2  1.000e+9  MN
1477.933  CO_AXP3  41 28 2 3  0.574e-2  1.000e+9  MN
1478.7930 13COAX2  41 29 2 0  4.013e-2  1.000e+9  MN
1478.744  13COAXR1 41 29 2 1  2.007e-2  1.000e+9  MN
1478.875  13COAXQ1 41 29 2 2  2.007e-2  1.000e+9  MN
1478.709  13COAXR2 41 29 2 1  1.606e-2  1.000e+9  MN
1478.904  13COAXQ2 41 29 2 2  2.007e-2  1.000e+9  MN
1479.035  13COAXP2 41 29 2 3  0.401e-2  1.000e+9  MN
1480.789  COa'11R0 41 2811 0  3.040e-5  1.000e+9  S02
1480.732  COa'11Q1 41 2811 1  0.366e-5  1.000e+9  S02
1480.774  COa'11R1 41 2811 2  1.485e-5  1.000e+9  S02
1480.912  COa'11Q1 41 2811 3  1.177e-5  1.000e+9  S02
1480.9546 Co_II    27 59 2 0  1.190e-2  1.000e+8  M03
1509.2920 PtNe     78195 1 0  1.000e00  1.000e+6  lamp
1509.7480 CO_APXS1 41 28 1 0  2.911e-2  1.000e+9  MN
1509.695  CO_AXR1  41 28 1 1  1.456e-2  1.000e+9  MN
1509.835  CO_AXQ1  41 28 1 2  1.456e-2  1.000e+9  MN
1509.661  CO_AXR2  41 28 1 1  1.165e-2  1.000e+9  MN
1509.871  CO_AXQ2  41 28 1 2  1.456e-2  1.000e+9  MN
1510.011  CO_AXP2  41 28 1 3  0.291e-2  1.000e+9  MN
1509.643  CO_AXR3  41 28 1 1  1.102e-2  1.000e+9  MN
1509.924  CO_AXQ3  41 28 1 2  1.456e-2  1.000e+9  MN
1510.134  CO_AXP3  41 28 1 3  0.354e-2  1.000e+9  MN
1510.344  CO_d5R0  41 28 5 0  5.610e-3  1.000e+9  ER03
1510.308  CO_d5R1  41 28 5 1  2.590e-3  1.000e+9  ER03
1510.431  CO_d5Q1  41 28 5 2  2.810e-3  1.000e+9  ER03
1511.106  CO_d5R1  41 28 5 3  0.378e-5  1.000e+9  ER03
1510.300  CO_d5R2  41 28 5 1  1.840e-3  1.000e+9  ER03
1510.484  CO_d5Q2  41 28 5 2  2.590e-3  1.000e+9  ER03
1510.607  CO_d5P2  41 28 5 3  0.561e-3  1.000e+9  ER03
1511.115  CO_d5R2  41 28 5 4  0.678e-5  1.000e+9  ER03
1511.282  CO_d5Q2  41 28 5 5  0.378e-5  1.000e+9  ER03
1510.320  CO_d5R3  41 28 5 1  1.400e-3  1.000e+9  ER03
1510.563  CO_d5Q3  41 28 5 2  2.300e-3  1.000e+9  ER03
1510.747  CO_d5P3  41 28 5 3  0.739e-3  1.000e+9  ER03
1510.4070 13COAX1  41 29 1 0  3.507e-2  1.000e+9  MN
1510.354  13COAXR1 41 29 1 1  1.754e-2  1.000e+9  MN
1510.492  13COAXQ1 41 29 1 2  1.754e-2  1.000e+9  MN
1520.7414 PtNe     78195 1 0  1.000e00  1.000e+6  lamp
1526.7070 Si_II    14 28 2 0  1.330e-1  1.130e+9  M03
1532.5330 P_II     15 31 2 0  3.030e-3  4.770e+6  M03
1533.4316 Si_II*   14 28 2 0  1.320e-1  1.130e+9  M03;287.24 cm-1
1534.9063 PtNe     78195 1 0  1.000e00  1.000e+6  lamp
1543.003  CO_e1R0  41 28 1 1  1.990e-4  1.000e+9  ER03
1543.171  CO_e1R0  41 28 1 2  2.410e-4  1.000e+9  ER03
1542.913  CO_e1R1  41 28 1 1  0.953e-4  1.000e+9  ER03
1543.177  CO_e1Q1  41 28 1 2  2.180e-4  1.000e+9  ER03
1543.203  CO_e1R1  41 28 1 3  1.400e-4  1.000e+9  ER03
1542.856  CO_e1R2  41 28 1 1  0.751e-4  1.000e+9  ER03
1543.265  CO_e1R2  41 28 1 2  1.340e-4  1.000e+9  ER03
1543.239  CO_e1Q2  41 28 1 3  2.280e-4  1.000e+9  ER03
1543.278  CO_e1P2  41 28 1 4  0.199e-4  1.000e+9  ER03
1543.445  CO_e1P2  41 28 1 5  0.241e-4  1.000e+9  ER03
1544.3020 13COAX0  41 29 0 0  1.539e-2  1.000e+9  MN
1544.248  13COAXR1 41 29 0 1  7.695e-3  1.000e+9  MN
1544.392  13COAXQ1 41 29 0 2  7.695e-3  1.000e+9  MN
1544.4480 CO_APXS0 41 28 0 0  1.578e-2  1.000e+9  MN
1544.388  CO_AXR1  41 28 0 1  7.890e-3  1.000e+9  MN
1544.540  CO_AXQ1  41 28 0 2  7.890e-3  1.000e+9  MN
1544.345  CO_AXR2  41 28 0 1  6.312e-3  1.000e+9  MN
1544.571  CO_AXQ2  41 28 0 2  7.890e-3  1.000e+9  MN
1544.724  CO_AXP2  41 28 0 3  1.578e-3  1.000e+9  MN
1544.316  CO_AXR3  41 28 0 1  5.575e-3  1.000e+9  MN
1544.619  CO_AXQ3  41 28 0 2  7.890e-3  1.000e+9  MN
1544.847  CO_AXP3  41 28 0 3  2.315e-3  1.000e+9  MN
1547.9451 Co_II    27 59 2 0  1.110e-2  1.000e+8  M03
1548.204  C_IV      6 12 4 1  1.899e-1  2.643e+8  M03
1550.781  C_IV      6 12 4 2  9.475e-2  2.628e+8  M03
1552.7624 Co_II    27 59 2 0  1.160e-2  5.000e+7  M03
1560.3092 C_I       6 12 1 0  7.740e-2  1.270e+8  M03
1560.6820 C_I*      6 12 1 1  5.810e-2  1.270e+8  M03
1560.7089 C_I*      6 12 1 2  1.930e-2  1.270e+8  M03
1561.3399 C_I**     6 12 1 1  1.160e-2  1.270e+8  M03
1561.3668 C_I**     6 12 1 2  7.720e-4  1.270e+8  M03
1561.4378 C_I**     6 12 1 3  6.490e-2  1.270e+8  M03
1562.002  Si_I     14 28 1 0  3.758e-1  4.000e+8
1565.5255 Fe_II    26 56 2 0  0.766e-5  4.000e+4  M03
1572.6489 Co_II    27 59 2 0  1.200e-2  1.000e+8  M03
1574.5508 Co_II    27 59 2 0  2.500e-2  1.000e+8  M03
1588.6876 Fe_II    26 56 2 0  1.480e-4  4.000e+5  M03
1589.5610 Zn_I     30 65 1 0  1.219e-1  2.000e+8
1602.4863 Ge_II    32 73 2 0  1.440e-1  1.060e+9  M99  
1608.4511 Fe_II    26 56 2 0  5.770e-2  2.740e+8  M03
1610.194  Sc_III   21 45 3 0  8.660e-2  4.460e+8  M03
1611.2005 Fe_II    26 56 2 0  1.380e-3  2.860e+8  M03
1631.1705 Si_I     14 28 1 0  2.051e-1  2.000e+8
1651.1636 Mg_I     12 24 1 0  6.577e-4  1.000e+6
1656.9284 C_I       6 12 1 0  1.490e-1  3.600e+8  M03
1656.2672 C_I*      6 12 1 1  6.210e-2  3.610e+8  M03
1657.3792 C_I*      6 12 1 2  3.710e-2  3.600e+8  M03
1657.9071 C_I*      6 12 1 3  4.940e-2  3.600e+8  M03
1657.0081 C_I**     6 12 1 1  1.110e-1  3.610e+8  M03
1658.1211 C_I**     6 12 1 2  3.710e-2  3.600e+8  M03
1658.3115 Mg_I     12 24 1 0  8.770e-4  1.000e+6
1660.809  O_III]*   8 16 3 0  1.590e-7  8.230e+2  M03;113.178 cm-1
1666.150  O_III]**  8 16 3 0  2.090e-7  8.230e+2  M03;306.174 cm-1
1668.4288 Mg_I     12 24 1 0  1.600e-3  1.000e+6  M03
1670.7886 Al_II    13 27 2 0  1.740e00  1.390e+9  M03
1674.5953 P_I      15 31 1 0  3.250e-2  4.000e+7  M03
1679.6969 P_I      15 31 1 0  5.360e-2  4.000e+7  M03
1683.4116 Mg_I     12 24 1 0  2.490e-3  2.000e+6  M03
1703.4119 Ni_II    28 59 2 0  6.000e-3  5.000e+8  M03
1707.0606 Mg_I     12 24 1 0  4.370e-3  4.000e+6  M03
1709.6042 Ni_II    28 59 2 0  3.240e-2  4.350e+8  M03
1741.5531 Ni_II    28 59 2 0  4.270e-2  5.000e+8  M03
1747.7937 Mg_I     12 24 1 0  9.080e-3  6.800e+6  M03
1751.9157 Ni_II    28 59 2 0  2.770e-2  3.700e+8  M03
1753.8406 Mg_I     12 24 1 0                         
1774.9487 P_I      15 31 1 0  1.690e-1  2.380e+8  M03
1782.8291 P_I      15 31 1 0  1.130e-1  2.380e+8  M03
1787.6481 P_I      15 31 1 0  6.040e-2  2.520e+8  M03
1804.473  Ni_II    28 59 2 0  3.800e-3  1.000e+7  W99
1807.3113 S_I      16 32 1 0  9.050e-2  5.330e+8  M03
1808.0129 Si_II    14 28 2 0  2.080e-3  2.380e+6  M03
1816.9285 Si_II*   14 28 2 1  1.660e-3  2.240e+6  M03;287.24 cm-1
1817.4515 Si_II*   14 28 2 2  1.290e-4  2.380e+6  M03;287.24 cm-1
1827.9351 Mg_I     12 24 1 0  2.420e-2  1.600e+7  M03
1845.5205 Si_I     14 28 1 0  2.700e-1  1.790e+8  M03
1854.7184 Al_III   13 27 3 1  5.590e-1  5.420e+8  M03
1862.7910 Al_III   13 27 3 2  2.780e-1  5.340e+8  M03
1892.030  Si_III]  14 28 3 0  2.690e-5  1.670e+4  M03
1901.773  Fe_II    26 56 2 0  7.000e-5  4.000e+5  M03
1908.734  C_III]    6 12 3 0  1.687e-7  1.029e+2  M03
1910.6123 Ti_II    22 48 2 1  1.040e-1  4.170e+8  M03
1910.9538 Ti_II    22 48 2 2  9.800e-2  1.430e+8  M03
1941.2852 Co_II    27 59 2 0  3.400e-2  4.350e+8  M03
1977.5972 Si_I     14 28 1 0  4.910e-2  8.550e+7  M03
2011.5163 Co_II    27 59 2 0  3.680e-2  3.450e+8  M03
2012.1664 Co_II_v  27 59 2 0  3.680e-2  3.450e+8  M03
2025.4845 Zn_II    30 65 2 0  5.010e-1  4.070e+8  M03
2026.1370 Zn_II_v  30 65 2 0  5.010e-1  4.070e+8  M03
2025.616  Cr_II    24 52 2 0  1.300e-3  1.000e+7  M03
2026.269  Cr_II_v  24 52 2 0  1.300e-3  1.000e+7  M03
2025.7596 Co_II    27 59 2 0  1.250e-2  3.030e+8  M03
2026.4122 Co_II_v  27 59 2 0  1.250e-2  3.030e+8  M03
2025.8242 Mg_I     12 24 1 0  1.130e-1  9.600e+7  M03
2026.4768 Mg_I_v   12 24 1 0  1.130e-1  9.600e+7  M03
2055.5988 Cr_II    24 52 2 0  1.030e-1  4.070e+8  M03
2056.2569 Cr_II_v  24 52 2 0  1.030e-1  4.070e+8  M03
2058.8170 Co_II    27 59 2 0  7.510e-3  2.780e+8  M03
2059.4756 Co_II_v  27 59 2 0  7.510e-3  2.780e+8  M03
2061.5769 Cr_II    24 52 2 0  7.590e-2  4.060e+8  M03
2062.2361 Cr_II_v  24 52 2 0  7.590e-2  4.060e+8  M03
2065.5041 Cr_II    24 52 2 0  5.120e-2  4.170e+8  M03
2066.1640 Cr_II_v  24 52 2 0  5.120e-2  4.170e+8  M03
2062.0012 Zn_II    30 65 2 0  2.460e-1  3.860e+8  M03
2062.6604 Zn_II_v  30 65 2 0  2.460e-1  3.860e+8  M03
2138.153  V_II     23 51 2 0  8.200e-2  1.000e+8  M03
2138.827  V_II_v   23 51 2 0  8.200e-2  1.000e+8  M03
2138.5735 Zn_I     30 65 1 0  1.470e00  7.140e+8  M03
2139.2477 Zn_I_v   30 65 1 0  1.470e00  7.140e+8  M03
2139.009  N_II]*    7 14 2 0  5.860e-8  1.700e+2  M03;48.67 cm-1
2139.683  N_II]_v   7 14 2 0  5.860e-8  1.700e+2  M03
2142.775  N_II]**   7 14 2 0  8.190e-8  1.700e+2  M03;130.80 cm-1
2143.450  N_II]_v   7 14 2 0  8.190e-8  1.700e+2  M03
2144.394  Cd_II    48112 2 0  0.510e00  1.000e+8  SMC
2145.0697 Cd_II_v  48112 2 0  0.510e00  1.000e+8  SMC
2166.7734 Fe_I     26 56 1 0  1.500e-1  1.000e+8  M03
2167.4534 Fe_I_v   26 56 1 0  1.500e-1  1.000e+8  M03
2181.10   CN+      55 26 2 0  1.000e00  1.000e+9  S79
2181.78   CN+_v    55 26 2 0  1.000e00  1.000e+9  S79
2207.9780 Si_I     14 28 1 0  5.750e-2  4.550e+7  M03
2208.6666 Si_I_v   14 28 1 0  5.750e-2  4.550e+7  M03
2233.7532 Fe_II    26 56 2 0  2.520e-5  2.750e+8  M03
2234.4472 Fe_II_v  26 56 2 0  2.520e-5  2.750e+8  M03
2241.60   AlH      55 28 1 0  1.000e00  1.000e+9  S79
2242.295  AlH_v    55 28 1 0  1.000e00  1.000e+9  S79
2249.1795 Fe_II    26 56 2 0  1.820e-3  3.310e+8  M03
2249.8768 Fe_II_v  26 56 2 0  1.820e-3  3.310e+8  M03
2260.0809 Fe_II    26 56 2 0  2.440e-3  2.580e+6  M03
2260.7805 Fe_II_v  26 56 2 0  2.440e-3  2.580e+6  M03
2262.28   NO       55 31 1 0  1.000e00  1.000e+9  S79
2262.98   NO_v     55 31 1 0  1.000e00  1.000e+9  S79
2263.4644 Al_I     13 27 1 0  8.920e-2  7.140e+7  M03
2264.1647 Al_I_v   13 27 1 0  8.920e-2  7.140e+7  M03
2289.9873 Ni_I     28 59 1 0  1.280e-1  1.000e+8  M03
2290.6934 Ni_I_v   28 59 1 0  1.280e-1  1.000e+8  M03
2297.     C_III     6 12 3 0  1.000e00  1.000e+8  stellar
2298.955  Mn_II    25 55 2 0  4.810e-4  2.410e+8  M03
2299.663  Mn_II_v  25 55 2 0  4.810e-4  2.410e+8  M03
2305.005  Mn_II    25 55 2 0  1.150e-3  2.420e+8  M03
2305.714  Mn_II_v  25 55 2 0  1.150e-3  2.420e+8  M03
2310.9616 Ni_I     28 59 1 0  3.430e-1  5.000e+7
2311.6723 Ni_I_v   28 59 1 0  3.430e-1  5.000e+7
2313.163  C2_DXR0  45 24 0 0  0.545e-1  1.000e+8  S98
2312.769  C2_DXR2  45 24 2 1  0.327e-1  1.000e+8  S98
2313.745  C2_DXP2  45 24 2 2  0.218e-1  1.000e+8  S98
2312.371  C2_DXR4  45 24 4 1  0.303e-1  1.000e+8  S98
2314.126  C2_DXP4  45 24 4 2  0.242e-1  1.000e+8  S98
2311.967  C2_DXR6  45 24 6 1  0.293e-1  1.000e+8  S98
2314.503  C2_DXP6  45 24 6 2  0.252e-1  1.000e+8  S98
2311.560  C2_DXR8  45 24 8 1  0.288e-1  1.000e+8  S98
2314.874  C2_DXP8  45 24 8 2  0.257e-1  1.000e+8  S98
2311.147  C2_DXR10 45 2410 1  0.286e-1  1.000e+8  S98
2315.240  C2_DXP10 45 2410 2  0.259e-1  1.000e+8  S98
2310.730  C2_DXR12 45 2412 1  0.283e-1  1.000e+8  S98
2315.601  C2_DXP12 45 2412 2  0.262e-1  1.000e+8  S98
2310.309  C2_DXR14 45 2414 1  0.282e-1  1.000e+8  S98
2315.956  C2_DXP14 45 2414 2  0.263e-1  1.000e+8  S98
2309.884  C2_DXR16 45 2416 1  0.281e-1  1.000e+8  S98
2316.307  C2_DXP16 45 2416 2  0.264e-1  1.000e+8  S98
2309.455  C2_DXR18 45 2418 1  0.280e-1  1.000e+8  S98
2316.652  C2_DXP18 45 2418 2  0.265e-1  1.000e+8  S98
2309.022  C2_DXR20 45 2420 1  0.279e-1  1.000e+8  S98
2316.991  C2_DXP20 45 2420 2  0.266e-1  1.000e+8  S98
2320.0341 Ni_I     28 59 1 0  6.850e-1  5.000e+7  M03
2320.7468 Ni_I_v   28 59 1 0  6.850e-1  5.000e+7  M03
2323.5004 C_II]     6 12 2 1  2.200e-9  9.610e00  M03
2324.6892 C_II]     6 12 2 2  4.780e-8  1.260e+2  M03
2324.2139 C_II]_v   6 12 2 1  2.200e-9  9.610e00  M03
2325.4029 C_II]_v   6 12 2 2  4.780e-8  1.260e+2  M03
2325.3987 C_II]*    6 12 2 1  5.520e-8  4.540e+1  M03;63.42 cm-1
2326.9306 C_II]*    6 12 2 2  6.700e-9  9.610e00  M03;63.42 cm-1
2328.1229 C_II]*    6 12 2 3  2.720e-8  1.260e+2  M03;63.42 cm-1
2326.1126 C_II]_v   6 12 2 1  5.520e-8  4.540e+1  M03
2327.6449 C_II]_v   6 12 2 2  6.700e-9  9.610e00  M03
2328.8374 C_II]_v   6 12 2 3  2.720e-8  1.260e+2  M03
2334.407  Si_II    14 28 2 0  4.250e-6  9.610e+3  M03
2335.123  Si_II_v  14 28 2 0  4.250e-6  9.610e+3  M03
2340.898  Pt_I_v   78195 1 0  1.000e+0  1.000e+6  lamp
2343.4959 Fe_II    26 56 2 0  1.140e-1  2.680e+8  M03
2344.2139 Fe_II_v  26 56 2 0  1.140e-1  2.680e+8  M03
2345.5432 Ni_I     28 59 1 0  1.430e-1  1.000e+8  M03
2346.2616 Ni_I_v   28 59 1 0  1.430e-1  1.000e+8  M03
2366.8674 Fe_II    26 56 2 0  0.216e-4  3.070e+8  M03
2367.5905 Fe_II_v  26 56 2 0  0.216e-4  3.070e+8  M03
2367.0518 Al_I     13 27 1 0  1.060e-1  7.580e+7  M03
2367.7750 Al_I_v   13 27 1 0  1.060e-1  7.580e+7  M03
2373.7365 Fe_II    26 56 2 0  3.130e-2  3.090e+8  M03
2374.4612 Fe_II_v  26 56 2 0  3.130e-2  3.090e+8  M03
2382.0386 Fe_II    26 56 2 0  3.200e-1  3.130e+8  M03
2382.7652 Fe_II_v  26 56 2 0  3.200e-1  3.130e+8  M03
2407.2552 Co_I     27 59 1 0  3.800e-1  1.000e+8  M03
2407.9875 Co_I_v   27 59 1 0  3.800e-1  1.000e+8  M03
2424.9345 Co_I     27 59 1 0  2.820e-1  1.000e+8  M03
2425.6708 Co_I_v   27 59 1 0  2.820e-1  1.000e+8  M03
2447.7093 Fe_I     26 56 1 0  2.310e-3  5.000e+8  M03
2448.4509 Fe_I_v   26 56 1 0  2.310e-3  5.000e+8  M03
2462.6473 Fe_I     26 56 1 0  5.320e-2  5.000e+8  M03
2463.3922 Fe_I_v   26 56 1 0  5.320e-2  5.000e+8  M03
2483.2711 Fe_I     26 56 1 0  5.440e-1  5.000e+8  M03
2484.0209 Fe_I_v   26 56 1 0  5.440e-1  5.000e+8  M03
2501.1319 Fe_I     26 56 1 0  4.930e-2  3.850e+8  M03
2501.8858 Fe_I_v   26 56 1 0  4.930e-2  3.850e+8  M03
2514.3156 Si_I     14 28 1 0  2.110e-1  2.220e+8  M03
2515.0725 Si_I_v   14 28 1 0  2.110e-1  2.220e+8  M03
2521.3652 Co_I     27 59 1 0  2.290e-1  3.000e+8  M03
2522.1238 Co_I_v   27 59 1 0  2.290e-1  3.000e+8  M03
2522.8494 Fe_I     26 56 1 0  2.030e-1  3.850e+8  M03
2523.6083 Fe_I_v   26 56 1 0  2.030e-1  3.850e+8  M03
2543.840  Na_I     11 23 1 1  1.281e-4  4.050e+4  M91
2543.872  Na_I     11 23 1 2  0.641e-4  4.050e+4  M91
2544.604  Na_I_v   11 23 1 1  1.281e-4  4.050e+4  M91
2544.636  Na_I_v   11 23 1 2  0.641e-4  4.050e+4  M91
2543.851  Na_I     11 23 1 0  1.922e-4  4.050e+4  M91
2544.615  Na_I_v   11 23 1 0  1.922e-4  4.050e+4  M91
2567.9823 Al_I     13 27 1 0  3.760e-2  3.390e+7  M03
2568.7518 Al_I_v   13 27 1 0  3.760e-2  3.390e+7  M03
2576.106  Mn_II    25 55 2 0  3.610e-1  2.820e+8  M03
2576.877  Mn_II_v  25 55 2 0  3.610e-1  2.820e+8  M03
2585.8762 Fe_II    26 56 2 0  6.910e-2  2.720e+8  M03
2586.6500 Fe_II_v  26 56 2 0  6.910e-2  2.720e+8  M03
2593.724  Mn_II    25 55 2 0  2.800e-1  2.780e+8  M03
2594.499  Mn_II_v  25 55 2 0  2.800e-1  2.780e+8  M03
2599.3959 Fe_II    26 56 2 0  2.390e-1  2.700e+8  M03
2600.1729 Fe_II_v  26 56 2 0  2.390e-1  2.700e+8  M03
2605.684  Mn_II    25 55 2 0  1.980e-1  2.720e+8  M03
2606.462  Mn_II_v  25 55 2 0  1.980e-1  2.720e+8  M03
2652.4758 Al_I     13 27 1 0  1.500e-2  5.050e+7  M03
2653.2654 Al_I_v   13 27 1 0  1.500e-2  5.050e+7  M03
2669.155  Al_II]   13 27 2 0  1.060e-5  3.300e-1  M03
2669.948  Al_II]_v 13 27 2 0  1.060e-5  3.300e-1  M03
2683.090  V_II     23 51 2 0  1.090e-1  2.860e+8  M03
2683.887  V_II_v   23 51 2 0  1.090e-1  2.860e+8  M03
2719.0273 Fe_I     26 56 1 0  1.220e-1  1.750e+8  M03
2719.8329 Fe_I_v   26 56 1 0  1.220e-1  1.750e+8  M03
2739.714  V_II     23 51 2 0  1.010e-1  5.000e+7  M03
2740.525  V_II_v   23 51 2 0  1.010e-1  5.000e+7  M03
2794.817  Mn_I     25 55 1 0  5.650e-1  4.010e+8  M03
2795.641  Mn_I_v   25 55 1 0  5.650e-1  4.010e+8  M03
2798.269  Mn_I     25 55 1 0  4.190e-1  4.000e+8  M03
2799.094  Mn_I_v   25 55 1 0  4.190e-1  4.000e+8  M03
2801.081  Mn_I     25 55 1 0  2.900e-1  3.980e+8  M03
2801.907  Mn_I_v   25 55 1 0  2.900e-1  3.980e+8  M03
2795.5301 Mg_II    12 24 2 0  6.155e-1  2.625e+8  M03
2796.3543 Mg_II_v  12 24 2 0  6.155e-1  2.625e+8  M03
2802.7056 Mg_II    12 24 2 0  3.058e-1  2.595e+8  M03
2803.5315 Mg_II_v  12 24 2 0  3.058e-1  2.595e+8  M03
2852.1251 Mg_I     12 24 1 0  1.830e00  5.000e+8  M03
2852.9631 Mg_I_v   12 24 1 0  1.830e00  5.000e+8  M03
2852.811  Na_I     11 23 1 1  1.350e-3  1.340e+6  M03
2853.012  Na_I     11 23 1 2  6.770e-4  1.340e+6  M03
2853.649  Na_I_v   11 23 1 1  1.350e-3  1.340e+6  M03
2853.850  Na_I_v   11 23 1 2  6.770e-4  1.340e+6  M03
2936.9033 Fe_I     26 56 1 0  1.810e-2  1.300e+8  M03
2937.7623 Fe_I_v   26 56 1 0  1.810e-2  1.300e+8  M03
2966.8982 Fe_I     26 56 1 0  4.380e-2  1.270e+8  M03
2967.7646 Fe_I_v   26 56 1 0  4.380e-2  1.270e+8  M03
2983.5697 Fe_I     26 56 1 0  2.900e-2  1.750e+8  M03
2984.4402 Fe_I_v   26 56 1 0  2.900e-2  1.750e+8  M03
3020.6390 Fe_I     26 56 1 0  1.040e-1  1.690e+8  M03
3021.5187 Fe_I_v   26 56 1 0  1.040e-1  1.690e+8  M03
3062.5198 OH_AXSR  48 17 1 0  0.519e-4  1.000e+8  JHB
3063.4101 OH_AXSRv 48 17 1 0  0.519e-4  1.000e+8  JHB
3066.3467 Ti_II    22 48 2 0  4.890e-2  2.500e+8  M03
3067.2379 Ti_II_v  22 48 2 0  4.890e-2  2.500e+8  M03
3072.0105 OH_AXR1  48 17 1 1  1.830e-4  1.000e+8  JHB
3072.9031 OH_AXR1v 48 17 1 2  1.830e-4  1.000e+8  JHB
3072.0637 OH_AXRQ  48 17 1 1  2.720e-4  1.000e+8  JHB
3072.9564 OH_AXRQv 48 17 1 2  2.720e-4  1.000e+8  JHB
3072.9704 Ti_II    22 48 2 0  1.210e-1  2.560e+8  M03
3073.8633 Ti_II_v  22 48 2 0  1.210e-1  2.560e+8  M03
3078.4398 OH_AXQ1  48 17 1 1  6.200e-4  1.000e+8  JHB
3079.3341 OH_AXQ1v 48 17 1 2  6.200e-4  1.000e+8  JHB
3078.4720 OH_AXQP  48 17 1 1  4.310e-4  1.000e+8  JHB
3079.3663 OH_AXQPv 48 17 1 2  4.310e-4  1.000e+8  JHB
3081.6644 OH_AXP1  48 17 1 0  6.480e-4  1.000e+8  JHB
3082.5595 OH_AXP1v 48 17 1 0  6.480e-4  1.000e+8  JHB
3082.1510 Al_I     13 27 1 0  1.770e-1  7.450e+7  M03
3083.0462 Al_I_v   13 27 1 0  1.770e-1  7.450e+7  M03
3130.4219 Be_II     4  8 2 1  3.321e-1  1.130e+8  M03
3131.0667 Be_II     4  8 2 2  1.660e-1  1.129e+8  M03
3131.3292 Be_II_v   4  8 2 1  3.321e-1  1.130e+8  M03
3131.9742 Be_II_v   4  8 2 2  1.660e-1  1.129e+8  M03
3137.576  CH_CSXP0 42 13 0 0  2.100e-3  1.000e+8  L84
3138.484  CH_CSXPv 42 13 0 0  2.100e-3  1.000e+8  L84               
3143.183  CH_CSXP0 42 13 0 0  6.400e-3  1.000e+8  L84
3144.091  CH_CSXPv 42 13 0 0  6.400e-3  1.000e+8  L84               
3145.996  CH_CSXP0 42 13 0 0  4.300e-3  1.000e+8  L84
3146.904  CH_CSXPv 42 13 0 0  4.300e-3  1.000e+8  L84               
3186.451  Ti_I     22 48 1 0  1.950e-1  1.000e+8  M03
3187.372  Ti_I_v   22 48 1 0  1.950e-1  1.000e+8  M03
3229.1899 Ti_II    22 48 2 0  6.870e-2  2.440e+8  M03
3230.1221 Ti_II_v  22 48 2 0  6.870e-2  2.440e+8  M03
3241.9829 Ti_II    22 48 2 0  2.320e-1  2.440e+8  M03
3242.9184 Ti_II_v  22 48 2 0  2.320e-1  2.440e+8  M03
3247.5370 Cu_I     29 63 1 0  4.340e-1  1.390e+8  M03
3248.4739 Cu_I_v   29 63 1 0  4.340e-1  1.390e+8  M03
3273.9544 Cu_I     29 63 1 0  2.180e-1  1.380e+8  M03
3274.8980 Cu_I_v   29 63 1 0  2.180e-1  1.380e+8  M03
3302.3641 Na_I     11 23 1 1  3.362e-3  9.640e+6  WHK
3302.3703 Na_I     11 23 1 2  5.604e-3  9.640e+6  WHK
3302.9738 Na_I     11 23 1 1  1.681e-3  9.640e+6  WHK
3302.9804 Na_I     11 23 1 2  2.801e-3  9.640e+6  WHK
3302.369  Na_I     11 23 1 1  8.966e-3  9.640e+6  M03
3302.978  Na_I     11 23 1 2  4.482e-3  9.640e+6  M03
3303.319  Na_I_v   11 23 1 1  8.966e-3  9.640e+6  M03
3303.929  Na_I_v   11 23 1 2  4.482e-3  9.640e+6  M03
3341.873  Ti_I     22 48 1 0  1.740e-1  1.000e+8  M03
3342.834  Ti_I_v   22 48 1 0  1.740e-1  1.000e+8  M03
3353.9235 NH_AXQ0  47 15 0 0  2.400e-3  1.000e+8  MR91
3354.8850 NH_AXQ0v 47 15 0 0  2.400e-3  1.000e+8  MR91
3358.0525 NH_AXR0  47 15 0 0  4.100e-3  1.000e+8  MR91
3359.0140 NH_AXR0v 47 15 0 0  4.100e-3  1.000e+8  MR91
3369.5656 Ni_I     28 59 1 0  2.430e-2  6.020e+7  M03
3370.5336 Ni_I_v   28 59 1 0  2.430e-2  6.020e+7  M03
3383.7588 Ti_II    22 48 2 0  3.580e-1  1.750e+8  M03
3384.7304 Ti_II_v  22 48 2 0  3.580e-1  1.750e+8  M03
3391.0430 Ni_I     28 59 1 0  0.999e-2  6.990e+7  M03
3392.0165 Ni_I_v   28 59 1 0  0.999e-2  6.990e+7  M03
3440.6057 Fe_I     26 56 1 0  2.360e-2  1.000e+8  M03
3441.5918 Fe_I_v   26 56 1 0  2.360e-2  1.000e+8  M03
3447.075  CH+APXS4 43 13 4 0  0.400e-3  1.000e+8  W09
3448.063  CH+APXSv 43 13 4 0  0.400e-3  1.000e+8  W09                    
3579.021  CH+APXS3 43 13 3 0  0.470e-3  1.000e+8  MR90
3580.042  CH+APXSv 43 13 3 0  0.470e-3  1.000e+8  MR90              
3579.453  CN_BSXS1 44 26 0 0  1.960e-3  1.000e+8  MR90
3580.474  CN_BSXSv 44 26 0 0  1.960e-3  1.000e+8  MR90
3579.963  CN_BSXS1 44 26 0 0  2.940e-3  1.000e+8  MR90
3580.984  CN_BSXSv 44 26 0 0  2.940e-3  1.000e+8  MR90
3580.940  CN_BSXS1 44 26 0 0  0.980e-3  1.000e+8  dew
3581.961  CN_BSXSv 44 26 0 0  0.980e-3  1.000e+8  dew
3578.684  Cr_I     24 52 1 0  3.660e-1  1.480e+8  M03
3579.705  Cr_I_v   24 52 1 0  3.660e-1  1.480e+8  M03
3580.925  Sc_II    21 45 2 0  2.370e-1  2.130e+8  M03
3581.947  Sc_II_v  21 45 2 0  2.370e-1  2.130e+8  M03
3593.481  Cr_I     24 52 1 0  2.910e-1  1.500e+8  M03
3594.507  Cr_I_v   24 52 1 0  2.910e-1  1.500e+8  M03
3605.321  Cr_I     24 52 1 0  2.260e-1  1.620e+8  M03
3606.350  Cr_I_v   24 52 1 0  2.260e-1  1.620e+8  M03
3627.403  CH_BX10  42 13 0 0  0.350e-3  1.000e+8  W11
3633.289  CH_BX10  42 13 0 0  1.040e-3  1.000e+8  W11
3636.222  CH_BX10  42 13 0 0  0.690e-3  1.000e+8  W11
3635.462  Ti_I     22 48 1 0  2.520e-1  1.050e+8  M03
3636.498  Ti_I_v   22 48 1 0  2.520e-1  1.050e+8  M03
3642.784  Sc_II    21 45 2 0  3.750e-1  1.610e+8  M03
3643.822  Sc_II_v  21 45 2 0  3.750e-1  1.610e+8  M03
3649.3028 Fe_I     26 56 1 0  0.699e-4  1.510e+7  M03
3650.3426 Fe_I_v   26 56 1 0  0.699e-4  1.510e+7  M03
3679.9134 Fe_I     26 56 1 0  2.800e-3  1.570e+7  M03
3680.9611 Fe_I_v   26 56 1 0  2.800e-3  1.570e+7  M03
3703.852  H_I_H16   1  1 1 0  8.760e-4  1.000e+8  stellar
3711.971  H_I_H15   1  1 1 0  1.070e-3  1.000e+8  stellar
3719.9347 Fe_I     26 56 1 0  4.110e-2  1.630e+7  M03
3720.9928 Fe_I_v   26 56 1 0  4.110e-2  1.630e+7  M03
3721.938  H_I_H14   1  1 1 0  1.330e-3  1.000e+8  stellar
3734.368  H_I_H13   1  1 1 0  1.670e-3  1.000e+8  stellar
3745.307  CH+APXS2 43 13 2 0  1.260e-3  1.000e+8  MR90
3746.372  CH+APXSv 43 13 2 0  1.260e-3  1.000e+8  MR90
3750.151  H_I_H12   1  1 1 0  2.150e-3  1.000e+8  stellar
3770.630  H_I_H11   1  1 1 0  2.830e-3  1.000e+8  stellar
3797.898  H_I_H10   1  1 1 0  3.850e-3  1.000e+8  stellar
3824.4436 Fe_I     26 56 1 0  4.830e-3  1.230e+7  M03
3825.5288 Fe_I_v   26 56 1 0  4.830e-3  1.230e+7  M03
3835.384  H_I_H9    1  1 1 0  5.430e-3  1.000e+8  stellar
3859.9114 Fe_I     26 56 1 0  2.170e-2  1.280e+7  M03
3861.0058 Fe_I_v   26 56 1 0  2.170e-2  1.280e+7  M03
3873.370  CN_BSXS0 44 26 0 0  2.030e-2  1.610e+7
3874.468  CN_BSXSv 44 26 0 0  2.030e-2  1.610e+7                    
3873.999  CN_BSXS0 44 26 0 0  2.250e-2  1.610e+7
3875.097  CN_BSXSv 44 26 0 0  2.250e-2  1.610e+7                    
3874.607  CN_BSXS0 44 26 0 0  3.380e-2  1.610e+7
3875.705  CN_BSXSv 44 26 0 0  3.380e-2  1.610e+7                    
3875.764  CN_BSXS0 44 26 0 0  1.130e-2  1.610e+7
3876.863  CN_BSXSv 44 26 0 0  1.130e-2  1.610e+7                    
3876.312  CN_BSXS0 44 26 0 0  1.350e-2  1.610e+7
3877.411  CN_BSXSv 44 26 0 0  1.350e-2  1.610e+7                    
3878.768  CH_BSXP0 42 13 0 0  1.100e-3  1.000e+8
3879.867  CH_BSXPv 42 13 0 0  1.100e-3  1.000e+8                    
3886.410  CH_BSXP0 42 13 0 0  3.300e-3  1.000e+8
3887.511  CH_BSXPv 42 13 0 0  3.300e-3  1.000e+8                    
3889.049  H_I_H8    1  1 1 0  8.030e-3  1.000e+8  stellar
3890.213  CH_BSXP0 42 13 0 0  2.200e-3  1.000e+8
3891.315  CH_BSXPv 42 13 0 0  2.200e-3  1.000e+8                    
3906.57   DIB_3906 50 50 0 0  1.000e00  1.000e+8  dib
3926.544  He_I      2  4 1 0  7.440e-3  1.000e+8  stellar
3933.264  S_II     16 32 2 0  6.050e-1  1.000e+8  stellar
3933.6614 Ca_II    20 40 2 0  6.267e-1  1.444e+8  M03
3934.7750 Ca_II_v  20 40 2 0  6.267e-1  1.444e+8  M03
3935.945  He_I      2  4 1 0  5.640e-4  1.000e+8  stellar
3944.0060 Al_I     13 27 1 0  1.170e-1  1.480e+8  M03
3945.1224 Al_I_v   13 27 1 0  1.170e-1  1.480e+8  M03
3955.486  CH+APXSm 43 13 1 0  1.700e-3  1.000e+8  G93
3956.605  CH+APXSv 43 13 1 0  1.700e-3  1.000e+8  G93
3957.692  CH+APXS1 43 13 1 0  3.400e-3  1.000e+8  G93
3958.812  CH+APXSv 43 13 1 0  3.400e-3  1.000e+8  G93
3962.071  CH+APXSp 43 13 1 0  1.700e-3  1.000e+8  G93
3963.192  CH+APXSv 43 13 1 0  1.700e-3  1.000e+8  G93                    
3964.728  He_I      2  4 1 0  5.180e-2  1.000e+8  stellar
3968.4673 Ca_II    20 40 2 0  3.116e-1  1.409e+8  M03
3969.5901 Ca_II_v  20 40 2 0  3.116e-1  1.409e+8  M03
3970.072  H_I_H7    1  1 1 0  1.270e-2  1.000e+8  stellar
3981.762  Ti_I     22 48 1 0  1.050e-1  5.600e+7  M03
3982.888  Ti_I_v   22 48 1 0  1.050e-1  5.600e+7  M03
3983.46   DIB_3983 50 50 0 0  1.000e00  1.000e+8  dib
4001.09   DIB_4001 50 50 0 0  1.000e00  1.000e+8  dib
4044.1422 K_I      19 39 1 1  5.680e-3  7.100e+6  M03
4047.2132 K_I      19 39 1 2  2.640e-3  7.100e+6  M03
4045.2847 K_I_v    19 39 1 1  5.680e-3  7.100e+6  M03
4048.3565 K_I_v    19 39 1 2  2.640e-3  7.100e+6  M03
4051.250  C3_AXR0  46 36 1 0  1.600e-2  1.000e+8  ABM
4051.069  C3_AXR2  46 36 1 1  0.640e-2  1.000e+8  ABM
4051.461  C3_AXQ2  46 36 1 2  0.800e-2  1.000e+8  ABM
4051.741  C3_AXP2  46 36 1 3  0.160e-2  1.000e+8  ABM
4050.866  C3_AXR4  46 36 1 1  0.534e-2  1.000e+8  ABM
4051.519  C3_AXQ4  46 36 1 2  0.800e-2  1.000e+8  ABM
4052.062  C3_AXP4  46 36 1 3  0.266e-2  1.000e+8  ABM
4050.670  C3_AXR6  46 36 1 1  0.492e-2  1.000e+8  ABM
4051.590  C3_AXQ6  46 36 1 2  0.800e-2  1.000e+8  ABM
4052.424  C3_AXP6  46 36 1 3  0.308e-2  1.000e+8  ABM
4050.495  C3_AXR8  46 36 1 1  0.470e-2  1.000e+8  ABM
4051.681  C3_AXQ8  46 36 1 2  0.800e-2  1.000e+8  ABM
4052.792  C3_AXP8  46 36 1 3  0.330e-2  1.000e+8  ABM
4050.337  C3_AXR10 46 36 1 1  0.457e-2  1.000e+8  ABM
4051.793  C3_AXQ10 46 36 1 2  0.800e-2  1.000e+8  ABM
4053.180  C3_AXP10 46 36 1 3  0.343e-2  1.000e+8  ABM
4050.206  C3_AXR12 46 36 1 1  0.448e-2  1.000e+8  ABM
4051.929  C3_AXQ12 46 36 1 2  0.800e-2  1.000e+8  ABM
4053.591  C3_AXP12 46 36 1 3  0.352e-2  1.000e+8  ABM
4050.081  C3_AXR14 46 36 1 1  0.442e-2  1.000e+8  ABM
4052.089  C3_AXQ14 46 36 1 2  0.800e-2  1.000e+8  ABM
4054.020  C3_AXP14 46 36 1 3  0.358e-2  1.000e+8  ABM
4049.963  C3_AXR16 46 36 1 1  0.436e-2  1.000e+8  ABM
4052.271  C3_AXQ16 46 36 1 2  0.800e-2  1.000e+8  ABM
4054.458  C3_AXP16 46 36 1 3  0.364e-2  1.000e+8  ABM
4049.861  C3_AXR18 46 36 1 1  0.433e-2  1.000e+8  ABM
4052.473  C3_AXQ18 46 36 1 2  0.800e-2  1.000e+8  ABM
4054.908  C3_AXP18 46 36 1 3  0.367e-2  1.000e+8  ABM
4049.810  C3_AXR20 46 36 1 1  0.430e-2  1.000e+8  ABM
4052.698  C3_AXQ20 46 36 1 2  0.800e-2  1.000e+8  ABM
4055.373  C3_AXP20 46 36 1 3  0.370e-2  1.000e+8  ABM
4049.784  C3_AXR22 46 36 1 1  0.426e-2  1.000e+8  ABM
4052.940  C3_AXQ22 46 36 1 2  0.800e-2  1.000e+8  ABM
4055.877  C3_AXP22 46 36 1 3  0.374e-2  1.000e+8  ABM
4049.770  C3_AXR24 46 36 1 1  0.424e-2  1.000e+8  ABM
4053.208  C3_AXQ24 46 36 1 2  0.800e-2  1.000e+8  ABM
4056.410  C3_AXP24 46 36 1 3  0.376e-2  1.000e+8  ABM
4049.784  C3_AXR26 46 36 1 1  0.423e-2  1.000e+8  ABM
4053.490  C3_AXQ26 46 36 1 2  0.800e-2  1.000e+8  ABM
4056.961  C3_AXP26 46 36 1 3  0.377e-2  1.000e+8  ABM
4049.810  C3_AXR28 46 36 1 1  0.421e-2  1.000e+8  ABM
4053.794  C3_AXQ28 46 36 1 2  0.800e-2  1.000e+8  ABM
4057.531  C3_AXP28 46 36 1 3  0.379e-2  1.000e+8  ABM
4049.861  C3_AXR30 46 36 1 1  0.420e-2  1.000e+8  ABM
4054.112  C3_AXQ30 46 36 1 2  0.800e-2  1.000e+8  ABM
4058.121  C3_AXP30 46 36 1 3  0.380e-2  1.000e+8  ABM
4101.734  H_I_H6    1  1 1 0  2.210e-2  1.000e+8  stellar
4112.33   DIB_4112 50 50 0 0  1.000e00  1.000e+8  dib
4226.728  Ca_I     20 40 1 0  1.770e00  2.200e+8  M03
4227.918  Ca_I_v   20 40 1 0  1.770e00  2.200e+8  M03
4225.70   CH+APXS3 43 13 0 0  1.960e-3  1.000e+8  H04
4227.06   CH+APXS2 43 13 0 0  2.200e-3  1.000e+8  H04
4229.347  CH+APXS1 43 13 0 0  2.750e-3  1.000e+8  G93
4230.538  CH+APXSv 43 13 0 0  2.750e-3  1.000e+8  G93               
4232.548  CH+APXS0 43 13 0 0  5.500e-3  1.000e+8  G93
4233.740  CH+APXSv 43 13 0 0  5.500e-3  1.000e+8  G93
4237.560  CH+APXS1 43 13 0 0  2.750e-3  1.000e+8  G93
4238.752  CH+APXSv 43 13 0 0  2.750e-3  1.000e+8  G93
4239.38   CH+APSX2 43 13 0 0  2.750e-3  1.000e+8  H04
4242.11   CH+APSX3 43 13 0 0  2.750e-3  1.000e+8  H04
4250.94   CO+AX2-0 41 28 0 0  6.400e-4  1.000e+8  LMH
4254.332  Cr_I     24 52 1 0  1.099e-1  3.148e+7  M91
4274.796  Cr_I     24 52 1 0  8.393e-2  3.062e+7  M91
4284.23   DIB_4284 50 50 0 0  1.000e00  1.000e+8  dib
4289.716  Cr_I     24 52 1 0  6.222e-2  3.156e+7  M91
4296.62   CH_AX3/2 42 13 0 0  1.000e00  1.000e+8  H04
4297.99   CH_AX5/2 42 13 0 0  1.000e00  1.000e+8  H04
4300.3132 CH_ADXP0 42 13 0 0  5.060e-3  1.000e+8  G93
4301.5229 CH_ADXPv 42 13 0 0  5.060e-3  1.000e+8  G93               
4300.3032 CH_ADXP0 42 13 0 1  2.530e-3  1.000e+8  G93
4300.3233 CH_ADXP0 42 13 0 2  2.530e-3  1.000e+8  G93
4301.5129 CH_ADXPv 42 13 0 1  2.530e-3  1.000e+8  G93               
4301.5330 CH_ADXPv 42 13 0 2  2.530e-3  1.000e+8  G93               
4303.937  CH_ADXP0 42 13 0 0  7.590e-3  1.000e+8  B91,TO
4305.148  CH_ADXPv 42 13 0 0  7.590e-3  1.000e+8  B91,TO               
4340.464  H_I_H5    1  1 1 0  4.460e-2  1.000e+8  stellar
4363.2    [O_III]   8 16 3 0  1.000e00  1.000e+8  nebular
4363.77   DIB_4363 50 50 0 0  1.000e00  1.000e+8  C2_dib
4428.88   DIB_4428 50 50 0 0  1.000e00  1.000e+8  dib
4430.12   DB_4428v 50 50 0 0  1.000e00  1.000e+8  dib               
4471.479  He_I      2  4 1 0  1.000e00  1.000e+8  stellar
4494.42   DIB_4494 50 50 0 0  1.000e00  1.000e+8  dib
4501.96   DIB_4501 50 50 0 0  1.000e00  1.000e+8  dib
4726.27   DIB_4726 50 50 0 0  1.000e00  1.000e+8  C2_dib
4734.73   DIB_4734 50 50 0 0  1.000e00  1.000e+8  C2_dib
4736.05   DB_4734v 50 50 0 0  1.000e00  1.000e+8  C2_dib               
4762.57   DIB_4762 50 50 0 0  1.000e00  1.000e+8  dib
4780.10   DIB_4780 50 50 0 0  1.000e00  1.000e+8  dib
4861.325  H_I_H4    1  1 1 0  1.190e-1  1.000e+8  stellar
4880.98   DIB_4880 50 50 0 0  1.000e00  1.000e+8  dib
4912.34   DIB_4912 50 50 0 0  1.000e00  1.000e+8  dib
4958.9    [O_III]   8 16 3 0  1.000e00  1.000e+8  nebular
4963.96   DIB_4963 50 50 0 0  1.000e00  1.000e+8  C2_dib
4965.35   DB_4963v 50 50 0 0  1.000e00  1.000e+8  C2_dib               
4969.12   DIB_4969 50 50 0 0  1.000e00  1.000e+8  C2_dib
4979.58   DIB_4979 50 50 0 0  1.000e00  1.000e+8  C2_dib
4984.73   DIB_4984 50 50 0 0  1.000e00  1.000e+8  C2_dib
5003.62   DIB_5003 50 50 0 0  1.000e00  1.000e+8  C2_dib
5006.9    [O_III]   8 16 3 0  1.000e00  1.000e+8  nebular
5170.44   DIB_5170 50 50 0 0  1.000e00  1.000e+8  C2_dib
5175.99   DIB_5175 50 50 0 0  1.000e00  1.000e+8  C2_dib
5235.96   DIB_5235 50 50 0 0  1.000e00  1.000e+8  dib
5365.75   DIB_5365 50 50 0 0  1.000e00  1.000e+8  dib
5418.91   DIB_5418 50 50 0 0  1.000e00  1.000e+8  C2_dib
5420.42   DB_5418v 50 50 0 0  1.000e00  1.000e+8  C2_dib
5450.31   DIB_5450 50 50 0 0  1.000e00  1.000e+8  dib
5487.81   DIB_5487 50 50 0 0  1.000e00  1.000e+8  dib
5508.38   DIB_5508 50 50 0 0  1.000e00  1.000e+8  dib
5512.62   DIB_5512 50 50 0 0  1.000e00  1.000e+8  C2_dib               
5524.66   DIB_5524 50 50 0 0  1.000e00  1.000e+8  dib
5535.40   DIB_5535 50 50 0 0  1.000e00  1.000e+8  dib
5541.77   DIB_5541 50 50 0 0  1.000e00  1.000e+8  C2_dib
5544.97   DIB_5544 50 50 0 0  1.000e00  1.000e+8  dib
5546.46   DIB_5546 50 50 0 0  1.000e00  1.000e+8  C2_dib
5705.13   DIB_5705 50 50 0 0  1.000e00  1.000e+8  dib
5747.28   DIB_5747 50 50 0 0  1.000e00  1.000e+8  dib
5762.74   DIB_5762 50 50 0 0  1.000e00  1.000e+8  C2_dib
5769.08   DIB_5769 50 50 0 0  1.000e00  1.000e+8  C2_dib
5778.08   DIB_5778 50 50 0 0  1.000e00  1.000e+8  dib
5780.59   DIB_5780 50 50 0 0  1.000e00  1.000e+8  dib
5782.19   DB_5780v 50 50 0 0  1.000e00  1.000e+8  dib               
5793.14   DIB_5793 50 50 0 0  1.000e00  1.000e+8  C2_dib
5795.95   DIB_5795 50 50 0 0  1.000e00  1.000e+8  dib
5797.11   DIB_5797 50 50 0 0  1.000e00  1.000e+8  dib
5798.72   DB_5797v 50 50 0 0  1.000e00  1.000e+8  dib               
5843.91   DIB_5843 50 50 0 0  1.000e00  1.000e+8  dib
5849.90   DIB_5849 50 50 0 0  1.000e00  1.000e+8  dib
5875.5987 He_I      2  4 1 1  6.120e-3  1.000e+7  stellar
5875.6139 He_I      2  4 1 2  9.180e-2  1.000e+7  stellar
5875.6148 He_I      2  4 1 3  5.140e-1  1.000e+7  stellar
5875.6251 He_I      2  4 1 1  1.530e-1  1.000e+7  stellar
5875.6403 He_I      2  4 1 2  4.590e-1  1.000e+7  stellar
5875.9663 He_I      2  4 1 0  6.120e-1  1.000e+7  stellar
5889.9386 Na_I_D2  11 23 1 1  2.456e-1  6.300e+7  WHK
5889.9584 Na_I_D2  11 23 1 2  4.094e-1  6.300e+7  WHK
5895.9108 Na_I_D1  11 23 1 1  1.226e-1  6.280e+7  WHK
5895.9321 Na_I_D1  11 23 1 2  2.044e-1  6.280e+7  WHK
5889.9510 Na_I_D2  11 23 1 1  6.550e-1  6.300e+7  M03
5895.9242 Na_I_D1  11 23 1 2  3.270e-1  6.280e+7  M03
5891.5833 Na_I_D2v 11 23 1 1  6.550e-1  6.300e+7  M03
5897.5581 Na_I_D1v 11 23 1 2  3.270e-1  6.280e+7  M03
6010.65   DIB_6010 50 50 0 0  1.000e00  1.000e+8  dib
6037.44   DIB_6037 50 50 0 0  1.000e00  1.000e+8  dib
6089.85   DIB_6089 50 50 0 0  1.000e00  1.000e+8  dib
6113.22   DIB_6113 50 50 0 0  1.000e00  1.000e+8  dib
6196.00   DIB_6196 50 50 0 0  1.000e00  1.000e+8  dib
6203.08   DIB_6203 50 50 0 0  1.000e00  1.000e+8  dib
6204.56   DIB_6204 50 50 0 0  1.000e00  1.000e+8  dib
6270.06   DIB_6270 50 50 0 0  1.000e00  1.000e+8  dib
6284.31   DIB_6284 50 50 0 0  1.000e00  1.000e+8  dib
6286.05   DB_6284v 50 50 0 0  1.000e00  1.000e+8  dib               
6308.78   DIB_6308 50 50 0 0  1.000e00  1.000e+8  dib
6317.79   DIB_6317 50 50 0 0  1.000e00  1.000e+8  dib
6376.06   DIB_6376 50 50 0 0  1.000e00  1.000e+8  dib
6379.27   DIB_6379 50 50 0 0  1.000e00  1.000e+8  dib
6425.70   DIB_6425 50 50 0 0  1.000e00  1.000e+8  dib
6445.59   DIB_6445 50 50 0 0  1.000e00  1.000e+8  dib
6494.74   DIB_6494 50 50 0 0  1.000e00  1.000e+8  dib
6613.72   DIB_6613 50 50 0 0  1.000e00  1.000e+8  dib
6670.75   DIB_6670 50 50 0 0  1.000e00  1.000e+8  dib
6707.7534 Li7_I_2   3  7 1 1  1.855e-1  3.664e+7  WHK
6707.7655 Li7_I_2   3  7 1 2  3.091e-1  3.664e+7  WHK
6707.9044 Li7_I_1   3  7 1 3  9.270e-2  3.664e+7  WHK
6707.9165 Li7_I_1   3  7 1 4  1.546e-1  3.664e+7  WHK
6707.761  Li7_I_2   3  7 1 1  4.946e-1  3.664e+7  WHK
6707.912  Li7_I_1   3  7 1 2  2.473e-1  3.664e+7  WHK
6709.613  Li7_I_2v  3  7 1 1  4.946e-1  3.664e+7  WHK
6709.764  Li7_I_1v  3  7 1 2  2.473e-1  3.664e+7  WHK
6707.921  Li6_I_2   3  6 1 1  4.946e-1  3.664e+7  WHK
6708.072  Li6_I_1   3  6 1 2  2.473e-1  3.664e+7  WHK
6709.773  Li6_I_2v  3  6 1 1  4.946e-1  3.664e+7  WHK
6709.924  Li6_I_1v  3  6 1 2  2.473e-1  3.664e+7  WHK
6729.28   DIB_6729 50 50 0 0  1.000e00  1.000e+8  C2_dib
6993.26   DIB_6993 50 50 0 0  1.000e00  1.000e+8  dib
7138.59   DIB_7138 50 50 0 0  1.000e00  1.000e+8  dib
7224.19   DIB_7224 50 50 0 0  1.000e00  1.000e+8  dib
7562.27   DIB_7562 50 50 0 0  1.000e00  1.000e+8  dib
7664.9052 K_I_2    19 39 1 1  2.556e-1  3.870e+7  WHK
7664.9145 K_I_2    19 39 1 2  4.260e-1  3.870e+7  WHK
7664.911  K_I_2    19 39 1 0  6.816e-1  3.870e+7  WHK
7666.997  K_I_2v   19 39 1 0  6.816e-1  3.870e+7  WHK
7698.9682 K_I_1    19 39 1 1  1.272e-1  3.820e+7  WHK
7698.9775 K_I_1    19 39 1 2  2.121e-1  3.820e+7  WHK
7698.974  K_I_1    19 39 1 0  3.393e-1  3.820e+7  WHK
7701.073  K_I_1v   19 39 1 0  3.393e-1  3.820e+7  WHK
7719.329  C2_AXR0  45 24 0 0  6.500e-4  1.000e+9  S06
7716.528  C2_AXR2  45 24 2 1  2.600e-4  1.000e+9  S06
7722.095  C2_AXQ2  45 24 2 2  3.250e-4  1.000e+9  S06
7725.819  C2_AXP2  45 24 2 3  0.650e-4  1.000e+9  S06
7714.944  C2_AXR4  45 24 4 1  2.167e-4  1.000e+9  S06
7724.219  C2_AXQ4  45 24 4 2  3.250e-4  1.000e+9  S06
7731.663  C2_AXP4  45 24 4 3  1.083e-4  1.000e+9  S06
7714.575  C2_AXR6  45 24 6 1  2.001e-4  1.000e+9  S06
7727.557  C2_AXQ6  45 24 6 2  3.250e-4  1.000e+9  S06
7738.737  C2_AXP6  45 24 6 3  1.249e-4  1.000e+9  S06
7715.415  C2_AXR8  45 24 8 1  1.912e-4  1.000e+9  S06
7732.117  C2_AXQ8  45 24 8 2  3.250e-4  1.000e+9  S06
7747.037  C2_AXP8  45 24 8 3  1.338e-4  1.000e+9  S06
7717.470  C2_AXR10 45 2410 1  1.858e-4  1.000e+9  S06
7737.904  C2_AXQ10 45 2410 2  3.250e-4  1.000e+9  S06
7756.583  C2_AXP10 45 2410 3  1.392e-4  1.000e+9  S06
7744.69   DIB_7744 50 50 0 0  1.000e00  1.000e+8  dib
7800.232  Rb_I_85  39 85 1 1  0.290e00  1.000e+8  M00
7800.294  Rb_I_85  39 85 1 2  0.406e00  1.000e+8  M00
7800.183  Rb_I_87  39 87 1 1  0.261e00  1.000e+8  M00
7800.321  Rb_I_87  39 87 1 2  0.435e00  1.000e+8  M00
7871.643  CN_R0    44 26 0 0  1.050e-4  1.000e+8  G91
7873.988  CN_R1Q1  44 26 0 0  1.740e-4  1.000e+8  G91
7874.847  CN_Q0    44 26 0 0  2.540e-4  1.000e+8  G91
7877.191  CN_Q1P1  44 26 0 0  1.270e-4  1.000e+8  G91
7903.896  CN_R1    44 26 0 0  2.540e-4  1.000e+8  G91
7906.601  CN_R0    44 26 0 0  4.010e-4  1.000e+8  G91
7908.955  CN_R1Q1  44 26 0 0  2.330e-4  1.000e+8  G91
7927.97   DIB_7927 50 50 0 0  1.000e00  1.000e+8  dib
8038.79   DIB_8038 50 50 0 0  1.000e00  1.000e+8  dib
8465.42   DIB_8465 50 50 0 0  1.000e00  1.000e+8  dib
8620.88   DIB_8620 50 50 0 0  1.000e00  1.000e+8  dib
8757.686  C2_AXR0  45 24 0 0  1.400e-3  1.000e+9  S06
8753.949  C2_AXR2  45 24 2 1  5.600e-4  1.000e+9  S06
8761.194  C2_AXQ2  45 24 2 2  7.000e-4  1.000e+9  S06
8766.031  C2_AXP2  45 24 2 3  1.400e-4  1.000e+9  S06
8751.685  C2_AXR4  45 24 4 1  4.667e-4  1.000e+9  S06
8763.751  C2_AXQ4  45 24 4 2  7.000e-4  1.000e+9  S06
8773.430  C2_AXP4  45 24 4 3  2.333e-4  1.000e+9  S06
8750.848  C2_AXR6  45 24 6 1  4.308e-4  1.000e+9  S06
8767.759  C2_AXQ6  45 24 6 2  7.000e-4  1.000e+9  S06
8782.308  C2_AXP6  45 24 6 3  2.692e-4  1.000e+9  S06
8751.486  C2_AXR8  45 24 8 1  4.117e-4  1.000e+9  S06
8773.221  C2_AXQ8  45 24 8 2  7.000e-4  1.000e+9  S06
8792.648  C2_AXP8  45 24 8 3  2.883e-4  1.000e+9  S06
8753.578  C2_AXR10 45 2410 1  4.000e-4  1.000e+9  S06
8780.141  C2_AXQ10 45 2410 2  7.000e-4  1.000e+9  S06
8804.499  C2_AXP10 45 2410 3  3.000e-4  1.000e+9  S06
8757.127  C2_AXR12 45 2412 1  3.920e-4  1.000e+9  S06
8788.558  C2_AXQ12 45 2412 2  7.000e-4  1.000e+9  S06
8817.826  C2_AXP12 45 2412 3  3.080e-4  1.000e+9  S06
8762.145  C2_AXR14 45 2414 1  3.864e-4  1.000e+9  S06
8798.459  C2_AXQ14 45 2414 2  7.000e-4  1.000e+9  S06
8832.679  C2_AXP14 45 2414 3  3.136e-4  1.000e+9  S06
8768.627  C2_AXR16 45 2416 1  3.822e-4  1.000e+9  S06
8809.841  C2_AXQ16 45 2416 2  7.000e-4  1.000e+9  S06
8849.071  C2_AXP16 45 2416 3  3.178e-4  1.000e+9  S06
10143.743 C2_AXR0  45 24 0 0  2.380e-3  1.000e+9  K08
10138.553 C2_AXR2  45 24 2 1  0.953e-3  1.000e+9  K08
10148.379 C2_AXQ2  45 24 2 2  1.190e-3  1.000e+9  K08
10151.551 C2_AXQ4  45 24 4 0  1.190e-3  1.000e+9  K08
